index;x;y;z
0;0.004136;0.000520;0.036681
1;-0.007242;0.002611;-0.016865
2;-0.004957;0.000944;-0.000414
3;-0.002518;0.001756;0.003659
4;-0.000548;0.001086;0.005443
5;-0.001220;0.001338;0.005270
6;0.000007;0.003084;0.005308
7;-0.001573;0.002790;0.000555
8;-0.000690;0.005660;0.001225
9;-0.000716;0.001362;0.003916
10;-0.000417;0.002581;0.000775
11;0.001221;0.001791;0.000646
12;0.000540;0.002438;0.001627
13;0.001828;0.003113;0.000887
14;0.000600;0.003398;0.003277
15;-0.001962;-0.002610;0.004907
16;-0.001230;-0.005970;0.003719
17;0.001364;-0.019105;0.019592
18;0.000766;-0.054896;0.031223
19;0.006177;-0.103198;0.041914
20;0.008547;-0.191868;0.071366
21;0.000918;-0.267785;0.108839
22;0.022000;-0.356513;0.149707
23;0.018275;-0.424438;0.166885
24;0.019364;-0.485718;0.219271
25;0.024262;-0.512484;0.294764
26;0.024748;-0.482889;0.329517
27;0.019355;-0.414535;0.341384
28;0.022804;-0.430689;0.354180
29;0.028062;-0.444073;0.349057
30;0.026942;-0.450114;0.349037
31;0.030473;-0.446378;0.370855
32;0.021615;-0.446572;0.348599
33;0.029518;-0.464173;0.318290
34;0.028316;-0.474104;0.315627
35;0.021670;-0.478154;0.305539
36;0.007365;-0.476490;0.315126
37;0.006495;-0.468367;0.328126
38;0.004911;-0.485095;0.307007
39;0.035853;-0.491495;0.283201
40;0.030931;-0.484882;0.280852
41;0.032694;-0.475304;0.311334
42;0.020850;-0.480205;0.307619
43;0.015560;-0.484062;0.286777
44;0.017482;-0.480252;0.273569
45;0.035951;-0.464862;0.329269
46;0.036160;-0.460324;0.342143
47;0.011460;-0.482808;0.262567
48;0.002151;-0.481989;0.269366
49;0.033000;-0.469416;0.325856
50;0.012947;-0.464155;0.326537
51;0.037707;-0.482276;0.285332
52;0.037292;-0.470716;0.317902
53;0.045529;-0.460717;0.315551
54;0.026838;-0.477811;0.316332
55;0.011544;-0.476084;0.276631
56;0.015200;-0.482931;0.294332
57;0.017243;-0.481787;0.280696
58;0.036916;-0.494003;0.240867
59;0.009632;-0.442729;0.336569
60;0.004334;-0.478024;0.335289
61;0.025303;-0.480694;0.301204
62;0.019705;-0.441477;0.330766
63;0.042262;-0.466777;0.311937
64;0.014933;-0.458494;0.312235
65;0.038667;-0.476170;0.328494
66;0.039012;-0.459907;0.381889
67;0.039705;-0.493230;0.294292
68;0.016368;-0.507168;0.311057
69;0.021083;-0.446996;0.305962
70;0.044095;-0.471172;0.304413
71;0.037587;-0.436853;0.262887
72;0.039014;-0.415713;0.351100
73;0.007727;-0.529062;0.333613
74;0.002639;-0.484316;0.279055
75;0.070968;-0.463303;0.358571
76;0.034931;-0.490078;0.306755
77;0.048521;-0.460812;0.360465
78;0.022313;-0.484187;0.299904
79;0.054240;-0.508407;0.293702
80;0.003246;-0.474491;0.290604
81;0.057359;-0.465447;0.331354
82;0.039738;-0.487366;0.360981
83;0.054805;-0.443228;0.282199
84;0.071478;-0.496910;0.290957
85;0.028630;-0.472693;0.309862
86;0.017688;-0.473827;0.312526
87;0.018575;-0.475869;0.254152
88;0.057760;-0.483647;0.308232
89;0.019977;-0.481715;0.285574
90;0.013322;-0.448156;0.284978
91;0.011934;-0.546372;0.081106
92;-0.004387;-0.393862;0.273641
93;0.022829;-0.528154;0.409588
94;0.036828;-0.490896;0.249107
95;0.045735;-0.469435;0.381019
96;0.041117;-0.493786;0.179892
97;0.083030;-0.425846;0.241110
98;0.058630;-0.695994;0.381756
99;0.051463;-0.431602;0.148533
100;0.053815;-0.344206;0.366890
101;0.033332;-0.441589;0.086113
102;0.064225;-0.444204;0.284057
103;0.059085;-0.519790;0.307752
104;0.044111;-0.486600;0.376324
105;0.005885;-0.493625;0.306587
106;0.019670;-0.449426;0.337599
107;0.046586;-0.434879;0.348831
108;0.062348;-0.488131;0.309074
109;0.012287;-0.474910;0.345331
110;0.024315;-0.487566;0.256130
111;0.037630;-0.495465;0.176087
112;0.021604;-0.469719;0.278319
113;0.021141;-0.480530;0.322206
114;0.015947;-0.450959;0.289805
115;0.012736;-0.417495;0.280540
116;0.020923;-0.412740;0.324916
117;0.002496;-0.531066;0.254262
118;0.023084;-0.458495;0.393154
119;0.069785;-0.444637;0.072343
120;0.045705;-0.351293;0.387479
121;0.048919;-0.431386;0.088818
122;0.120638;-0.470152;0.185571
123;-0.043149;-0.258414;0.138235
124;0.053017;-0.188360;0.160596
125;-0.000387;-0.210267;-0.070151
126;0.007548;-0.176542;0.098494
127;0.044980;-0.131790;0.137397
128;-0.039135;-0.094180;0.177124
129;0.007107;-0.093692;0.053677
130;0.041032;-0.054431;-0.083599
131;0.019812;-0.064135;0.044593
132;0.035744;-0.007109;0.096001
133;-0.001817;-0.029477;-0.007303
134;-0.064625;-0.006961;-0.012363
135;-0.003936;-0.000044;0.069422
136;-0.010011;-0.001962;-0.056284
137;-0.002082;0.016044;-0.015235
138;0.032426;0.012263;-0.034398
139;0.005849;0.010670;-0.022379
140;-0.019574;0.003601;-0.028305
141;0.000140;0.036898;0.079088
142;-0.031844;0.018797;-0.067084
143;0.034333;0.033668;-0.019585
144;0.000346;0.025621;0.007740
145;-0.002358;0.031325;-0.094136
146;-0.034732;0.075606;-0.202831
147;0.001853;0.040412;0.021498
148;-0.034097;0.034657;-0.070543
149;0.037225;0.071448;0.051601
150;-0.002103;0.071911;0.073445
151;0.010745;0.070760;-0.039343
152;-0.035742;0.087264;-0.019376
153;-0.022372;0.088573;0.060864
154;-0.022003;0.102311;-0.006610
155;-0.011725;0.087342;-0.050528
156;-0.039885;0.103259;-0.006413
157;0.016918;0.102446;-0.037398
158;-0.042433;0.099563;-0.055589
159;-0.027551;0.109362;-0.050408
160;-0.022362;0.108262;-0.062899
161;-0.030775;0.092743;-0.054491
162;0.004600;0.131347;-0.041126
163;-0.009251;0.119800;-0.113176
164;-0.017185;0.119648;-0.072738
165;0.000418;0.147561;-0.095407
166;0.002857;0.141715;-0.063004
167;-0.026640;0.126175;-0.125328
168;-0.013685;0.138278;-0.137336
169;0.001275;0.140584;-0.145225
170;-0.015644;0.141209;-0.156660
171;0.026679;0.131653;-0.055336
172;0.004575;0.154035;-0.064503
173;0.008541;0.178668;-0.078384
174;-0.008401;0.166435;-0.065943
175;-0.029070;0.175274;-0.060027
176;0.042651;0.186011;-0.037801
177;-0.005883;0.212782;-0.066365
178;0.033046;0.176489;-0.039140
179;-0.040081;0.212456;-0.083221
180;-0.034658;0.190078;-0.075901
181;-0.010928;0.168232;-0.048473
182;-0.040931;0.205162;-0.208440
183;0.029125;0.199442;0.115586
184;0.007829;0.197700;0.005520
185;-0.047372;0.163262;-0.157050
186;-0.021699;0.152751;-0.196196
187;0.017356;0.183376;-0.085041
188;0.010298;0.156982;-0.117295
189;-0.017646;0.171797;-0.147011
190;-0.015748;0.185815;-0.117749
191;-0.014708;0.171918;-0.079680
192;-0.007075;0.184816;-0.092162
193;0.002682;0.162694;-0.106902
194;0.027216;0.209518;-0.039300
195;-0.007981;0.164881;-0.141074
196;-0.033191;0.174701;-0.156772
197;-0.012184;0.186867;0.007352
198;-0.006639;0.162281;-0.089969
199;0.002900;0.204389;-0.067822
200;0.000633;0.202198;-0.014461
201;0.013527;0.190790;-0.048679
202;0.040657;0.199669;-0.040907
203;-0.029513;0.183657;-0.130845
204;0.025356;0.226133;-0.069054
205;-0.012034;0.165925;-0.100483
206;-0.019698;0.214903;-0.180584
207;0.034148;0.174905;-0.017622
208;-0.006544;0.172925;-0.012295
209;0.002735;0.170033;-0.216999
210;0.007564;0.165495;-0.130175
211;-0.033522;0.170827;-0.200210
212;0.008333;0.177322;-0.151445
213;0.017850;0.183703;-0.069249
214;-0.053985;0.108238;-0.065704
215;0.042760;0.255781;-0.073906
216;-0.045824;0.191033;-0.108359
217;0.000108;0.160675;-0.030773
218;0.025101;0.249056;-0.051866
219;-0.010910;0.088027;-0.117409
220;-0.010683;0.152496;0.056559
221;-0.090508;0.312225;0.042389
222;0.105724;0.271883;0.122912
223;-0.132268;0.119309;-0.266208
224;-0.009452;0.172622;-0.191355
225;0.034643;0.205095;-0.025567
226;-0.045594;0.141676;0.020370
227;-0.010823;0.218598;-0.099700
228;0.078371;0.218525;-0.046525
229;-0.011847;0.177762;-0.098114
230;0.041991;0.147720;-0.061522
231;0.013183;0.149611;-0.118123
232;0.013583;0.211809;-0.020466
233;-0.021282;0.157800;-0.283794
234;-0.011201;0.181461;-0.146217
235;0.026934;0.183330;-0.109927
236;-0.049131;0.210290;-0.098651
237;-0.048684;0.202448;-0.189550
238;-0.007146;0.172111;-0.087879
239;0.013386;0.176329;-0.059500
240;0.008033;0.164815;-0.140576
241;-0.006733;0.178557;-0.109894
242;-0.008498;0.200671;-0.094334
243;0.003288;0.190869;-0.078438
244;0.017911;0.192693;-0.018464
245;-0.039129;0.194639;-0.078503
246;-0.003819;0.190324;-0.063641
247;-0.027050;0.202475;-0.122202
248;0.006959;0.174384;-0.062098
249;-0.005880;0.189882;-0.079303
250;0.016113;0.192927;-0.120097
251;-0.014221;0.183894;-0.118577
252;-0.003849;0.181000;-0.144092
253;-0.040194;0.203131;-0.114517
254;-0.020381;0.198557;-0.211987
255;-0.003342;0.147706;0.019567
256;0.037624;0.182735;-0.037748
257;-0.005808;0.186711;-0.200412
258;-0.008282;0.160518;-0.268229
259;0.027822;0.195049;-0.127162
260;-0.000815;0.193082;-0.025444
261;-0.037587;0.166734;-0.166884
262;-0.014780;0.160101;-0.197457
263;-0.009322;0.166589;-0.124525
264;-0.009730;0.188847;-0.086555
265;-0.030494;0.162471;-0.149382
266;0.018787;0.249417;-0.136100
267;-0.036876;0.154467;-0.247675
268;-0.083989;0.183951;-0.296575
269;0.021956;0.209276;0.019926
270;0.041862;0.170197;-0.052701
271;0.032530;0.227794;-0.032881
272;-0.009767;0.212714;-0.040900
273;-0.038404;0.157889;-0.134949
274;-0.035471;0.197189;-0.100931
275;0.008027;0.180516;-0.191939
276;0.066790;0.157980;-0.115238
277;-0.049799;0.225425;-0.146719
278;-0.020669;0.187948;-0.149342
279;-0.018774;0.194025;-0.048244
280;-0.020261;0.168686;-0.097292
281;-0.020181;0.194605;-0.165954
282;-0.018764;0.205717;-0.144837
283;0.022939;0.258626;-0.076247
284;-0.029456;0.213607;-0.156035
285;-0.026054;0.194365;-0.043842
286;-0.046809;0.175820;-0.132628
287;0.029695;0.186874;-0.058585
288;-0.008212;0.212449;-0.080951
289;-0.055408;0.153951;-0.051574
290;-0.020039;0.187649;-0.274836
291;-0.008870;0.153902;-0.146365
292;0.000391;0.226868;0.126996
293;-0.027206;0.190659;-0.287229
294;-0.065866;0.171764;-0.197106
295;0.040938;0.188300;-0.061210
296;0.025675;0.179603;-0.089537
297;0.011807;0.140472;-0.045021
298;0.038632;0.178178;-0.077600
299;-0.016282;0.145333;-0.140168
300;-0.026751;0.098733;0.266611
301;-0.003315;0.207922;-0.233551
302;0.047890;0.204585;-0.109031
303;-0.102514;0.087727;-0.144985
304;-0.013585;0.173716;0.089637
305;-0.053504;0.137980;-0.209264
306;-0.010422;0.186666;-0.130878
307;-0.000221;0.108171;-0.054593
308;0.017910;0.181648;-0.110805
309;-0.012181;0.158004;-0.070006
310;0.026966;0.188333;-0.093198
311;0.006595;0.121193;-0.064124
312;-0.029430;0.132320;-0.106469
313;0.055195;0.203389;-0.010207
314;-0.063575;0.145993;-0.060538
315;-0.034681;0.150128;-0.106609
316;0.004479;0.129229;-0.088643
317;-0.003872;0.137056;-0.099464
318;0.012168;0.137786;-0.059605
319;0.079331;0.170219;-0.043218
320;0.001733;0.177395;-0.026872
321;0.056696;0.130475;-0.099734
322;0.023742;0.145649;-0.036377
323;-0.032180;0.149784;-0.122472
324;-0.016346;0.158619;-0.020777
325;0.002801;0.157453;-0.064562
326;-0.009250;0.114388;-0.063300
327;-0.114068;0.145414;-0.178207
328;-0.049852;0.182505;-0.142195
329;0.086712;0.206443;-0.036331
330;0.035779;0.167970;-0.073682
331;-0.019528;0.177689;-0.174634
332;-0.006472;0.177013;-0.112575
333;-0.039089;0.164941;-0.110220
334;-0.040277;0.149128;-0.088770
335;-0.045512;0.199544;-0.114597
336;0.026183;0.231929;-0.048180
337;0.035411;0.181732;-0.096332
338;0.030477;0.212911;-0.033698
339;0.015775;0.160868;-0.057589
340;0.008130;0.178835;-0.111682
341;-0.004891;0.190517;-0.107043
342;-0.027113;0.181260;-0.069669
343;-0.005858;0.193050;-0.060037
344;-0.019888;0.171158;-0.071156
345;-0.019415;0.177139;-0.142564
346;-0.036618;0.161339;-0.158467
347;0.021122;0.197144;-0.101192
348;0.042738;0.206770;-0.097565
349;0.019012;0.176137;-0.134548
350;-0.001679;0.194170;-0.140297
351;0.017472;0.161246;-0.177499
352;-0.026035;0.197661;-0.084689
353;0.016152;0.188952;0.008114
354;-0.013784;0.159982;-0.078528
355;-0.027473;0.167148;-0.067663
356;-0.049070;0.132031;-0.182467
357;0.023502;0.267108;-0.031176
358;-0.032654;0.173823;-0.153258
359;0.029057;0.182729;-0.112509
360;0.000773;0.182779;-0.043189
361;-0.043917;0.154217;-0.180133
362;0.031243;0.174728;-0.105773
363;0.030765;0.190507;-0.081042
364;0.018219;0.176936;-0.134100
365;0.024932;0.164950;-0.027652
366;0.015048;0.149790;-0.053021
367;0.025941;0.168273;-0.091198
368;-0.069114;0.133683;-0.226672
369;-0.020167;0.151051;-0.059549
370;-0.068287;0.098529;-0.154953
371;0.008087;0.165004;-0.050819
372;0.015929;0.159923;-0.051129
373;0.017776;0.152929;-0.067803
374;0.003919;0.122720;-0.097150
375;0.013951;0.140956;-0.046513
376;-0.008355;0.135145;-0.082853
377;0.004669;0.126760;-0.023588
378;0.007711;0.121792;-0.109173
379;-0.010936;0.104659;-0.051526
380;-0.021229;0.102387;-0.054812
381;-0.011318;0.113763;-0.034287
382;-0.014069;0.114694;-0.044432
383;-0.014513;0.114529;-0.067683
384;-0.040483;0.076504;-0.081316
385;-0.014089;0.129687;-0.103168
386;0.006854;0.119948;-0.084384
387;0.002728;0.117574;-0.046974
388;0.007071;0.107992;-0.057440
389;0.017578;0.123899;-0.063738
390;-0.008193;0.118009;-0.059826
391;-0.015106;0.121809;-0.059092
392;-0.013426;0.127324;-0.023331
393;0.000846;0.113229;-0.066113
394;0.031908;0.131533;-0.034992
395;0.022413;0.118816;0.008708
396;0.005951;0.101674;-0.097997
397;-0.116148;0.066602;-0.067074
398;-0.049559;0.104481;-0.044404
399;-0.043197;0.102128;-0.054109
400;0.021553;0.058861;-0.088651
401;0.082269;0.074134;-0.062528
402;0.028456;0.049162;-0.052037
403;-0.006230;0.049429;-0.012904
404;-0.007902;0.040895;-0.029017
405;-0.042288;0.022276;-0.047858
406;-0.043440;0.027564;-0.003056
407;-0.032388;0.036474;-0.002572
408;-0.020436;0.032142;0.003776
409;-0.008317;0.043501;-0.016590
410;-0.001795;0.039807;-0.005005
411;-0.009193;0.026510;-0.003619
412;0.007511;0.024513;0.000371
413;0.025808;0.040271;-0.005718
414;0.038411;0.029232;0.002919
415;0.027290;0.043100;0.012230
416;0.031170;0.045087;0.022201
417;-0.002757;0.055594;-0.046804
418;-0.037053;0.050976;0.011485
419;-0.063795;0.000194;0.012568
420;-0.004714;-0.000764;0.013680
421;0.027147;0.024675;-0.014964
422;0.056658;0.030519;-0.000586
423;0.037813;0.018434;-0.038535
424;0.000226;0.019184;-0.013912
425;-0.008983;0.001740;-0.005967
426;-0.018965;-0.002255;-0.006471
427;-0.041150;0.019172;-0.036720
428;-0.039575;0.006542;-0.016523
429;-0.016716;0.006906;-0.003922
430;-0.018431;0.010161;0.004258
431;0.005186;0.019231;0.003227
432;0.016539;0.016942;0.011903
433;0.009055;0.004107;0.003662
434;0.022773;0.008663;0.001525
435;0.014034;0.006170;0.022434
436;0.008116;-0.007250;0.009268
437;0.001048;0.001802;0.011683
438;-0.002295;0.004358;0.029400
439;-0.013008;0.004105;0.010907
440;-0.020832;0.011754;0.024595
441;-0.022677;-0.022510;-0.029053
442;0.012210;-0.006562;-0.003071
443;0.011457;-0.020780;0.002581
444;0.008441;-0.032703;0.027259
445;-0.020792;-0.004351;-0.002534
446;0.013945;-0.047421;0.016688
447;-0.015395;0.004390;0.054681
448;-0.009610;-0.019937;0.032521
449;-0.006609;-0.011544;0.038532
450;-0.005353;-0.020677;0.030295
451;-0.001040;-0.019234;0.025188
452;0.022197;-0.021522;0.010890
453;0.011701;-0.031982;0.008063
454;0.005965;-0.028378;0.030551
455;0.008704;-0.001830;0.024200
456;-0.005074;-0.022953;0.016291
457;-0.000199;-0.028595;0.013986
458;-0.011455;-0.048582;0.002125
459;-0.006367;-0.023530;0.015539
460;0.005076;-0.029244;0.011813