index;x;y;z
0;0.018617;-0.074613;0.341340
1;-0.179288;-0.117485;-0.052161
2;0.002878;-0.272591;-0.259201
3;0.117011;-0.394565;-0.043157
4;0.035077;-0.055616;0.234562
5;-0.025794;0.034397;0.101988
6;0.071641;-0.016162;0.098688
7;-0.055359;-0.377459;-0.082000
8;-0.234971;-0.037669;-0.342589
9;0.120834;0.023302;-0.000403
10;-0.128157;-0.154498;-0.169683
11;-0.088593;0.084108;-0.177776
12;0.201087;0.091908;-0.376077
13;0.129130;0.186616;-0.097886
14;-0.014945;-0.042376;-0.134310
15;-0.049922;-0.061082;0.225121
16;0.059007;0.238530;0.410945
17;-0.088757;0.309850;-0.077453
18;-0.000072;0.209112;0.811883
19;0.448588;0.213936;0.530050
20;-0.089231;-0.118231;-0.226147
21;-0.029691;0.653097;-0.943499
22;-0.074694;0.190745;-0.249624
23;-3.129896;-1.160552;-1.778167
24;0.173038;-0.115872;0.881312
25;-0.029820;0.195756;-0.487571
26;-0.041545;-0.056963;0.077415
27;-0.061209;0.006043;-0.124704
28;-0.032189;0.002309;-0.006314
29;-0.011614;0.012886;-0.057726
30;-0.051016;0.014559;-0.047037
31;-0.028914;0.014232;0.093517
32;-0.023710;0.014823;-0.010499
33;-0.043190;0.008703;0.063071
34;-0.058657;-0.003595;-0.020756
35;-0.060940;-0.003488;-0.021776
36;-0.030003;0.021353;0.047515
37;-0.066208;-0.043930;-0.045769
38;-0.013187;0.013098;-0.052299
39;-0.037429;-0.016735;0.033906
40;-0.041476;-0.040273;-0.024617
41;-0.056953;-0.024837;0.016918
42;-0.086936;-0.043452;0.057011
43;-0.051334;-0.010390;-0.007381
44;-0.036459;-0.018190;0.049575
45;-0.036348;-0.016751;-0.026061
46;-0.055984;-0.018962;0.037741
47;-0.073081;0.001894;0.119082
48;-0.077077;-0.015274;0.063441
49;-0.048552;-0.005967;0.093034
50;-0.074507;-0.005738;-0.001261
51;-0.046630;0.014567;-0.005484
52;-0.079325;-0.033988;-0.030944
53;-0.103489;-0.004007;-0.035409
54;-0.069809;-0.000106;-0.023330
55;-0.078352;0.001263;0.020768
56;-0.110689;0.026820;-0.024783
57;-0.109958;0.074365;-0.047749
58;-0.128919;0.066983;-0.042100
59;-0.138715;0.075217;-0.031626
60;-0.121463;0.096439;-0.068590
61;-0.136536;0.089777;-0.042790
62;-0.125702;0.105995;-0.015988
63;-0.195881;0.073650;-0.061099
64;-0.182546;0.106431;0.012534
65;-0.153358;0.085245;0.018530
66;-0.148743;0.093446;-0.023934
67;-0.180636;0.083358;-0.082033
68;-0.210782;0.110085;-0.111091
69;-0.190956;0.095182;-0.036050
70;-0.205034;0.077839;-0.066898
71;-0.152370;0.123021;-0.012977
72;-0.195761;0.130509;-0.085026
73;-0.191705;0.124562;-0.011072
74;-0.157902;0.103556;-0.058249
75;-0.154748;0.130595;-0.078130
76;-0.198153;0.101098;0.012902
77;-0.165256;0.102148;-0.102430
78;-0.153016;0.076178;-0.057448
79;-0.127897;0.093141;-0.052886
80;-0.119354;0.103575;-0.070397
81;-0.073758;0.111072;-0.058143
82;-0.110198;0.125686;-0.019197
83;-0.078616;0.124726;-0.138212
84;-0.042770;0.102623;-0.069367
85;-0.059616;0.096008;-0.085281
86;-0.017981;0.134117;-0.173722
87;-0.043786;0.102588;-0.093312
88;-0.066397;0.088852;-0.121355
89;-0.045399;0.078358;-0.100294
90;-0.024299;0.088454;-0.046987
91;-0.060115;0.109228;-0.051331
92;-0.023303;0.103827;-0.174185
93;0.012993;0.103983;-0.094837
94;-0.022275;0.127802;-0.006357
95;-0.035587;0.121259;-0.025778
96;-0.042704;0.167783;-0.062302
97;-0.058532;0.122373;-0.042742
98;0.023469;0.194556;-0.102518
99;-0.065348;0.110436;-0.023712
100;-0.067433;0.111140;-0.048457
101;-0.001501;0.166383;-0.029351
102;-0.023861;0.129764;-0.061711
103;-0.013911;0.089970;-0.051783
104;-0.025754;0.146005;-0.009737
105;-0.036478;0.142398;-0.038200
106;-0.001900;0.126877;-0.002087
107;-0.032179;0.070841;-0.254539
108;-0.012520;0.151811;-0.070571
109;-0.074516;0.060008;-0.117220
110;0.050593;0.064060;-0.137946
111;-0.119493;-0.025166;-0.180352
112;-0.051953;0.102531;-0.183232
113;0.042045;0.082017;0.012727
114;-0.052320;0.115278;-0.173256
115;0.054237;0.092331;-0.000318
116;-0.031246;0.076366;-0.083799
117;-0.016013;0.128001;-0.063996
118;0.056136;0.130427;-0.048861
119;0.030964;0.120432;-0.064191
120;-0.038414;0.093697;-0.071919
121;0.062283;0.106974;-0.123937
122;0.014453;0.143685;0.048980
123;-0.008117;0.115540;-0.139857
124;-0.032530;0.107802;0.034437
125;-0.007609;0.099563;0.059190
126;-0.015322;0.104425;-0.001385
127;-0.021624;0.121269;-0.047083
128;-0.076375;0.122412;-0.038631
129;0.006262;0.148890;0.003636
130;-0.091153;0.120976;-0.061420
131;-0.043812;0.084599;-0.091447
132;-0.016298;0.124772;0.004597
133;-0.081274;0.112502;-0.054779
134;-0.087928;0.128558;-0.037526
135;-0.084166;0.121947;-0.015065
136;-0.080599;0.089524;-0.060973
137;-0.117031;0.119324;-0.065664
138;-0.127304;0.098368;0.014146
139;-0.147123;0.073613;-0.068561
140;-0.130707;0.111363;-0.007709
141;-0.096480;0.124200;-0.033444
142;-0.168329;0.104297;-0.063028
143;-0.195028;0.082637;-0.067166
144;-0.199785;0.117336;-0.013278
145;-0.234651;0.044131;-0.112113
146;-0.229213;0.114580;-0.021078
147;-0.240550;0.074884;-0.103102
148;-0.240163;0.051764;-0.043284
149;-0.262465;0.003849;-0.019840
150;-0.255723;-0.018037;-0.000282
151;-0.255741;-0.027437;0.009733
152;-0.155220;-0.138762;-0.187516
153;-0.308034;0.086949;0.078182
154;-0.319337;0.029849;0.190526
155;-0.301562;-0.111803;0.131899
156;-0.253263;-0.002493;0.141988
157;-0.314474;-0.001469;-0.115592
158;-0.291015;-0.036002;0.179458
159;-0.284056;-0.036413;0.042623
160;-0.296627;-0.020963;0.014383
161;-0.306155;-0.126451;-0.055303
162;-0.223827;-0.087294;0.065490
163;-0.250761;-0.116404;0.045921
164;-0.279628;-0.108260;0.063464
165;-0.268724;-0.182069;0.083988
166;-0.181967;-0.178473;0.039178
167;-0.204439;-0.242616;0.132854
168;-0.243691;-0.175489;0.000305
169;-0.131705;-0.190677;-0.022468
170;-0.199548;-0.293841;0.115604
171;-0.173568;-0.325065;0.094996
172;-0.189357;-0.218164;0.164021
173;-0.153435;-0.194663;0.118424
174;-0.248559;-0.234866;0.129253
175;-0.291624;-0.192492;0.122601
176;-0.277481;-0.170667;0.101721
177;-0.291845;-0.161402;0.152949
178;-0.282839;-0.144611;0.177154
179;-0.307635;-0.137018;0.135753
180;-0.344723;-0.138971;0.135077
181;-0.332324;-0.141844;0.185156
182;-0.369835;-0.127567;0.119120
183;-0.402591;-0.094686;0.074993
184;-0.443289;-0.072563;0.049344
185;-0.498095;-0.090957;0.031769
186;-0.478255;-0.079553;0.076191
187;-0.488014;-0.071903;0.042657
188;-0.516560;-0.030229;0.077723
189;-0.499254;-0.008340;0.068808
190;-0.550182;-0.059770;0.032625
191;-0.559154;-0.055543;-0.081574
192;-0.541475;-0.050477;0.022767
193;-0.505216;-0.064471;-0.060328
194;-0.589151;-0.056825;-0.082289
195;-0.546403;-0.062088;-0.077036
196;-0.626251;-0.067699;-0.091098
197;-0.528975;-0.048740;-0.036990
198;-0.639343;-0.041635;-0.084043
199;-0.691407;-0.047489;-0.120214
200;-0.649673;-0.025203;-0.078727
201;-0.691359;-0.008524;-0.132201
202;-0.716794;-0.029419;-0.141826
203;-0.650646;0.004732;-0.072170
204;-0.672695;0.044731;0.004395
205;-0.693603;-0.013673;-0.057834
206;-0.657688;0.053464;-0.019336
207;-0.692437;0.044302;-0.020549
208;-0.707556;0.012940;-0.070526
209;-0.727620;0.076683;-0.054336
210;-0.718446;0.042783;-0.060470
211;-0.736192;0.060327;-0.091021
212;-0.736473;0.023302;-0.049003
213;-0.775599;0.031062;-0.102792
214;-0.734482;0.040873;0.009005
215;-0.770475;0.040288;-0.121762
216;-0.710754;0.004555;-0.063899
217;-0.735480;0.039459;-0.090429
218;-0.731860;-0.015410;-0.097128
219;-0.633663;0.014734;-0.095253
220;-0.686717;-0.019947;-0.114487
221;-0.649105;-0.016908;-0.064525
222;-0.651769;-0.031220;-0.033943
223;-0.650058;0.004675;-0.057708
224;-0.668546;-0.009691;-0.014663
225;-0.690255;-0.058487;-0.092163
226;-0.658142;-0.025511;-0.008480
227;-0.671276;-0.092058;-0.060669
228;-0.684661;-0.047208;-0.008596
229;-0.670434;-0.007023;0.018983
230;-0.717946;-0.047499;-0.046416
231;-0.759117;-0.057387;-0.039144
232;-0.690228;-0.041015;0.014327
233;-0.775206;-0.081594;-0.085039
234;-0.671675;0.013684;0.005904
235;-0.757427;-0.045132;-0.019899
236;-0.709478;-0.079540;-0.087703
237;-0.710560;-0.015033;-0.030633
238;-0.694365;-0.053557;-0.019530
239;-0.766211;-0.070789;-0.059422
240;-0.712880;-0.023362;-0.023026
241;-0.712590;-0.065338;-0.021185
242;-0.721755;-0.089717;-0.061410
243;-0.690161;-0.061013;-0.040052
244;-0.697189;-0.067676;-0.013339
245;-0.677215;-0.069738;-0.031501
246;-0.688367;-0.068628;0.004497
247;-0.661248;-0.066245;0.005994
248;-0.685158;-0.058231;-0.021144
249;-0.630580;-0.063222;0.029767
250;-0.634213;-0.073650;-0.033285
251;-0.576641;-0.051367;0.001625
252;-0.651434;-0.071739;0.023845
253;-0.687883;-0.081869;-0.009576
254;-0.652718;-0.065010;-0.002764
255;-0.698067;-0.134077;-0.060762
256;-0.687503;-0.104690;-0.005534
257;-0.709185;-0.122771;0.002243
258;-0.692954;-0.086068;-0.015979
259;-0.722040;-0.109945;0.012954
260;-0.699329;-0.096390;-0.019279
261;-0.709331;-0.109205;-0.018034
262;-0.646999;-0.125912;0.021235
263;-0.674344;-0.112247;0.067560
264;-0.765458;-0.193141;-0.023403
265;-0.739929;-0.177718;0.030300
266;-0.729840;-0.244037;0.043550
267;-0.715207;-0.243506;0.068300
268;-0.768229;-0.227927;0.081280
269;-0.802087;-0.243084;0.048255
270;-0.670123;-0.216037;0.105056
271;-0.752031;-0.183633;0.128020
272;-0.806375;-0.196290;0.098548
273;-0.751310;-0.137597;0.072235
274;-0.722680;-0.127092;0.047305
275;-0.799531;-0.077754;0.035153
276;-0.869156;-0.094917;0.017701
277;-0.891232;-0.060597;-0.005915
278;-0.774056;-0.030953;-0.005821
279;-0.832356;-0.038787;-0.070177
280;-0.832392;-0.018205;-0.035344
281;-0.850822;-0.021856;-0.078412
282;-0.870518;0.004891;-0.041165
283;-0.899290;0.011880;-0.118639
284;-0.963369;0.015827;-0.129609
285;-0.948757;0.016263;-0.087692
286;-0.950484;0.043700;-0.127901
287;-0.967375;0.067799;-0.062799
288;-0.960860;0.065799;-0.109097
289;-0.895223;0.098689;-0.067555
290;-0.927822;0.073706;-0.114316
291;-0.885683;0.095305;-0.073144
292;-0.963872;0.116947;-0.099252
293;-0.948740;0.096985;-0.034737
294;-0.946995;0.130361;-0.093871
295;-0.882725;0.118886;-0.029019
296;-0.870039;0.149348;-0.075050
297;-0.950117;0.046903;-0.057937
298;-0.948740;0.083331;-0.233982
299;-0.895259;0.129626;-0.080118
300;-0.811931;0.032350;-0.152312
301;-0.869504;0.083448;-0.142503
302;-0.870669;0.096411;-0.118995
303;-0.892206;0.054581;-0.048897
304;-0.551104;0.057327;-0.103389
305;-0.957690;0.032475;-0.120649
306;-0.562099;-0.051323;0.078421
307;-1.000220;-0.062918;-0.121521
308;-0.998139;0.011112;-0.054200
309;-0.599907;-0.028718;-0.046914
310;-0.589193;-0.030251;0.007234
311;-0.722401;-0.012051;0.004525
312;-0.634447;-0.011586;0.123842
313;-0.652865;-0.065104;0.020552
314;-0.633719;-0.068290;-0.008494
315;-0.677412;-0.048431;-0.015207
316;-0.633454;-0.054351;-0.026735
317;-0.657541;-0.057033;-0.031963
318;-0.774548;-0.067104;-0.072468
319;-0.751316;-0.065236;-0.039321
320;-0.705775;-0.064005;-0.089705
321;-0.761236;-0.057340;-0.091629
322;-0.746986;-0.029077;-0.072276
323;-0.802286;-0.051958;-0.133429
324;-0.761798;-0.001079;-0.020557
325;-0.817868;-0.073248;-0.063668
326;-0.803952;-0.022444;-0.063321
327;-0.789634;-0.026581;-0.066755
328;-0.894296;-0.005179;-0.087899
329;-0.816720;0.024128;0.008627
330;-0.812711;0.028760;-0.076474
331;-0.837410;-0.012064;-0.066918
332;-0.817008;0.016136;-0.014991
333;-0.887235;0.019505;-0.070028
334;-0.840211;0.061383;-0.052262
335;-0.926910;0.037602;-0.064127
336;-0.840774;0.056278;-0.034133
337;-0.878407;0.051725;-0.089785
338;-0.812902;0.074796;-0.094549
339;-0.883033;0.064295;-0.064949
340;-0.899727;0.049001;-0.089459
341;-0.978120;0.084463;-0.174768
342;-0.583686;0.006281;-0.081721
343;-1.059988;0.191203;0.108982
344;-0.784008;0.054563;-0.063547
345;-0.988186;0.113494;-0.119686
346;-1.036670;0.051978;-0.086785
347;-0.656639;0.054342;-0.105469
348;-0.795701;0.077246;-0.083758
349;-0.832543;0.007277;-0.039145
350;-0.791152;0.066657;-0.080500
351;-0.812712;0.057718;-0.093555
352;-0.831034;0.066283;-0.060106
353;-0.869076;0.057753;-0.073556
354;-0.906478;0.077044;-0.148623
355;-0.906439;0.041269;-0.110902
356;-0.868328;0.053908;-0.152133
357;-0.919200;0.054882;-0.169273
358;-0.885244;0.047071;-0.088460
359;-0.909944;0.061671;-0.095800
360;-0.944119;0.072602;-0.108661
361;-0.888528;0.076243;-0.098766
362;-0.850411;0.027079;-0.071060
363;-0.906936;0.038339;-0.062944
364;-0.856339;0.026671;-0.047099
365;-0.903404;0.033626;-0.024302
366;-0.833413;0.004994;-0.047764
367;-0.861308;-0.006100;-0.065532
368;-0.919214;0.002493;-0.086668
369;-0.859549;0.011151;-0.032094
370;-0.941684;-0.011581;-0.041021
371;-0.823086;-0.003920;-0.008718
372;-0.737107;0.040157;-0.009363
373;-0.817708;0.025815;-0.009436
374;-0.832199;0.016105;-0.066122
375;-0.740025;0.009051;0.018669
376;-0.898643;0.017721;-0.056461
377;-0.899711;0.013288;-0.089039
378;-0.710178;0.070036;0.109970
379;-0.748466;-0.072186;-0.247019
380;-0.607307;0.063371;-0.081322
381;-0.660036;-0.036402;-0.126417
382;-0.800972;0.071304;-0.089915
383;-0.868302;-0.005406;0.196283
384;-0.892798;-0.033230;-0.029738
385;-0.966748;-0.053939;-0.128300
386;-0.964338;-0.080006;-0.039086
387;-0.934692;-0.049801;0.003598
388;-0.943191;-0.045265;-0.050111
389;-0.964770;-0.017593;-0.094675
390;-0.947461;-0.045190;-0.065430
391;-1.029604;-0.068609;-0.153284
392;-0.946201;0.007293;-0.099544
393;-0.942870;-0.053917;-0.098131
394;-0.996582;-0.074072;-0.071601
395;-0.944605;-0.061027;-0.029866
396;-0.874226;-0.070406;-0.045764
397;-0.896891;-0.080376;-0.060197
398;-0.936530;-0.081821;-0.022985
399;-0.894975;-0.084420;0.004961
400;-0.973616;-0.078853;-0.020015
401;-0.949415;-0.039763;0.014765
402;-0.920115;-0.020550;0.001757
403;-0.870560;-0.004963;-0.034390
404;-0.956882;0.045017;0.026063
405;-1.002632;0.051352;0.011851
406;-0.942155;0.065298;-0.058020
407;-0.968462;0.030370;-0.052542
408;-1.022945;0.074026;-0.072291
409;-1.122641;0.081714;-0.102458
410;-1.030125;0.080817;-0.104850
411;-1.006970;0.049235;-0.106388
412;-1.055903;0.059322;-0.119555
413;-1.012441;0.055368;-0.163988
414;-1.009023;0.051030;-0.167886
415;-1.080095;0.033926;-0.164256
416;-0.726044;0.029971;-0.159469
417;-0.911096;0.059174;-0.142903
418;-0.975101;0.053158;-0.033237
419;-0.951538;0.034385;-0.141545
420;-0.883238;0.015443;-0.037731
421;-0.951084;-0.011886;-0.150072
422;-0.905903;0.017973;-0.053586
423;-0.825553;-0.017717;-0.088935
424;-0.760314;0.034251;0.002021
425;-0.942985;-0.043027;0.007187
426;-0.852567;-0.044697;0.024563
427;-0.931931;-0.024114;0.031092
428;-0.820131;-0.023749;0.106633
429;-0.853575;-0.092960;0.003322
430;-0.850761;-0.050389;0.025293
431;-0.887452;-0.082084;0.031492
432;-0.868734;-0.075276;0.026496
433;-0.842963;-0.095612;-0.034689
434;-0.867017;-0.078766;-0.013072
435;-0.838956;-0.095502;-0.042234
436;-0.911893;-0.093235;-0.039847
437;-0.870767;-0.078882;-0.021795
438;-0.824332;-0.117296;-0.052419
439;-0.838280;-0.099268;-0.051666
440;-0.828895;-0.103729;-0.006659
441;-0.817973;-0.110221;-0.034299
442;-0.883718;-0.113410;0.003299
443;-0.856532;-0.116623;-0.008108
444;-0.818757;-0.105941;0.001910
445;-0.913890;-0.127265;0.005557
446;-0.832802;-0.152047;0.017860
447;-0.813561;-0.182896;-0.017172
448;-0.936419;-0.182287;0.008053
449;-0.805674;-0.181862;0.117841
450;-0.821497;-0.238623;0.008853
451;-0.748309;-0.142131;0.040714
452;-0.829472;-0.192218;-0.019208
453;-0.850093;-0.082335;-0.016426
454;-0.872867;-0.130080;0.037281
455;-0.945056;-0.128804;-0.012954
456;-1.034080;-0.084321;-0.000950
457;-0.965931;-0.120263;0.045386
458;-1.014183;-0.119747;0.015717
459;-1.012763;-0.121031;0.014116
460;-1.009547;-0.106959;0.032037
461;-1.044590;-0.095244;0.035512
462;-0.898565;-0.045439;0.016196
463;-0.875368;-0.047079;0.069107
464;-1.113856;-0.016584;0.028534
465;-0.963830;-0.065096;0.043597
466;-1.060162;-0.017780;0.024701
467;-1.113771;-0.070310;-0.026729
468;-0.994368;0.024378;0.052404
469;-1.071527;0.024430;0.057925
470;-1.107311;-0.027457;-0.096474
471;-1.121114;0.004556;-0.041784
472;-1.018980;-0.001759;-0.070362
473;-1.157640;-0.026539;-0.070869
474;-1.125257;-0.060153;-0.074615
475;-1.175621;0.023745;-0.017299
476;-1.090547;-0.017053;-0.116952
477;-1.195855;-0.016033;-0.054839
478;-1.328480;-0.058932;-0.168365
479;-0.887376;0.043062;0.026514
480;-1.086583;0.024192;-0.048964
481;-0.939367;0.047395;-0.015055
482;-0.899707;-0.040146;0.010638
483;-0.892041;0.172210;-0.039081
484;-1.110555;-0.028280;0.022944
485;-0.979819;0.167686;-0.116593
486;-0.979160;0.053127;-0.052348
487;-1.210442;0.059483;-0.058532
488;-1.116969;0.093928;-0.196205
489;-1.162375;0.096965;-0.109812
490;-1.280352;0.057904;-0.142892
491;-1.264764;0.102487;-0.054037
492;-1.014733;0.095914;-0.115117
493;-1.273942;0.145844;-0.092438
494;-1.108936;0.109368;-0.111773
495;-1.172590;0.144186;-0.083693
496;-1.176814;0.111099;-0.136430
497;-1.170907;0.138771;-0.065196
498;-1.060491;0.146323;-0.050682
499;-1.077377;0.077177;-0.063262
500;-1.107879;0.116290;-0.108544
501;-1.091850;0.102944;-0.018174
502;-1.069967;0.149289;-0.037846
503;-1.072638;0.057909;-0.105548
504;-0.990495;0.182757;0.011300
505;-1.056153;0.041368;-0.083873
506;-1.079970;0.106415;-0.101603
507;-1.109746;0.112252;-0.080722
508;-1.156640;0.073740;-0.173979
509;-1.005349;0.063391;-0.034660
510;-1.093588;0.061618;-0.130027
511;-1.067118;0.084099;-0.074977
512;-1.022930;0.046904;-0.136999
513;-1.036818;0.037710;-0.222229
514;-1.151555;0.081859;-0.031678
515;-1.059890;0.154048;-0.128590
516;-0.903919;0.093073;-0.113279
517;-1.252688;-0.023113;-0.144427
518;-0.837422;0.076368;0.075657
519;-0.721249;-0.019425;-0.009725
520;-0.906946;0.018764;-0.041594
521;-0.845022;-0.033482;0.066169
522;-0.889924;-0.052884;0.006655
523;-0.856433;0.016305;0.026538
524;-0.953057;-0.033151;0.052556
525;-0.953829;-0.022292;-0.023969
526;-0.923163;-0.012908;0.037109
527;-0.910823;-0.067119;0.014970
528;-0.889940;-0.038374;0.036469
529;-0.944741;-0.132011;0.021421
530;-0.976576;-0.166086;0.045875
531;-0.851574;-0.193571;-0.014436
532;-0.843181;-0.214305;0.046206
533;-0.789149;-0.272602;-0.003267
534;-0.765540;-0.228018;0.074484
535;-0.815900;-0.317085;-0.038196
536;-0.797112;-0.285727;0.008626
537;-0.796945;-0.355917;-0.006574
538;-0.857699;-0.417365;-0.153537
539;-0.653343;-0.242380;0.094303
540;-0.807539;-0.307447;-0.015863
541;-0.851226;-0.242710;0.119935
542;-0.711027;-0.287876;0.097951
543;-0.881655;-0.143877;0.090832
544;-0.686446;-0.183237;0.108508
545;-0.718049;-0.049373;0.086750
546;-0.782574;-0.034030;0.135694
547;-0.723901;-0.018917;0.061545
548;-0.870391;0.012640;0.043169
549;-0.872450;-0.029170;0.085647
550;-0.899693;0.038199;0.056913
551;-0.848183;-0.010342;0.004207
552;-0.966109;0.015968;-0.009905
553;-0.927472;0.035525;-0.032059
554;-0.869283;0.028325;-0.117411
555;-0.971268;0.020075;-0.059431
556;-1.013164;0.027459;-0.131788
557;-0.968469;0.035031;-0.119972
558;-0.915370;0.013284;-0.150451
559;-1.027963;0.023311;-0.172505
560;-0.877236;0.034665;-0.181732
561;-0.965112;0.073486;-0.084501
562;-0.868650;0.072998;-0.092559
563;-0.882100;0.067696;-0.036084
564;-0.832119;0.079677;-0.045878
565;-0.838866;0.102189;-0.005129
566;-0.836972;0.098603;-0.049966
567;-0.767853;0.102335;-0.006377
568;-0.761176;0.149354;0.014652
569;-0.791528;0.121807;0.018370
570;-0.702209;0.118379;0.032786
571;-0.761897;0.110044;-0.023631
572;-0.794458;0.114964;-0.025319
573;-0.714979;0.085110;-0.023258
574;-0.716293;0.107208;-0.040634
575;-0.591618;0.132222;0.049731
576;-0.601144;0.073217;-0.015186
577;-0.603324;0.136757;0.022206
578;-0.517478;0.112459;0.013083
579;-0.537977;0.110946;-0.060340
580;-0.433641;0.104730;0.001665
581;-0.363354;0.138595;0.021362
582;-0.334408;0.133609;0.048486
583;-0.304669;0.093029;-0.047937
584;-0.296535;0.110061;-0.024877
585;-0.275421;0.135475;-0.035099
586;-0.237891;0.110219;-0.040147
587;-0.143944;0.110435;-0.075318
588;-0.152433;0.157641;-0.001681
589;-0.073281;0.073690;-0.224532
590;-0.047970;0.174228;-0.138006
591;-0.069627;0.140247;-0.085473
592;-0.121518;0.017400;-0.233331
593;-0.195721;0.099017;-0.183038
594;-0.074382;0.185446;-0.174048
595;-0.121809;0.102391;-0.181130
596;-0.108686;0.100062;-0.157886
597;-0.098092;0.120380;-0.105531
598;-0.191273;0.144126;-0.103255
599;-0.158648;0.083658;-0.158007
600;-0.129228;0.150381;0.054907
601;-0.122242;0.253009;0.044030
602;-0.137053;0.227451;0.042658
603;-0.160505;0.166243;-0.023119
604;-0.088991;0.292687;-0.062234
605;-0.151018;0.210993;0.057510
606;-0.160206;0.243208;0.122891
607;-0.092530;0.256682;0.150885
608;-0.085360;0.115208;-0.087076
609;-0.047407;0.218672;0.040131
610;-0.102573;0.126322;-0.135705
611;-0.085815;0.186291;-0.127508
612;-0.053020;0.124808;-0.139948
613;-0.137224;0.192305;-0.070818
614;-0.071360;0.091993;-0.314491
615;0.098179;0.019819;-0.374909
616;-0.098294;0.170799;-0.038360
617;-0.050265;0.024242;-0.219723
618;0.082188;0.222354;-0.228239
619;-0.091673;0.195002;-0.018399
620;-0.005705;0.092640;-0.130047
621;-0.027416;0.119404;-0.062060
622;-0.143719;0.211714;-0.095472
623;-0.115275;0.131316;-0.101464
624;-0.037781;0.096362;-0.069040
625;-0.068490;0.220309;0.066590
626;-0.060252;0.211022;0.018394
627;-0.045275;0.149236;0.025792
628;-0.073874;0.192534;0.017059
629;-0.067308;0.156054;0.060253
630;-0.044996;0.059671;-0.075786
631;-0.070533;0.087658;-0.029731
632;0.009735;0.026591;-0.054672
633;-0.000220;0.067778;-0.042757
634;-0.024707;0.015787;-0.055026
635;0.007937;0.005557;-0.093954
636;-0.053812;-0.014414;-0.046200
637;-0.031826;-0.025117;-0.066493
638;-0.024268;-0.028572;-0.006044
639;-0.017848;0.019265;-0.023230
640;0.017341;0.018748;-0.001626
641;0.001559;0.042893;0.014114
642;0.044188;0.027538;0.018006
643;0.065111;0.060201;0.044597
644;0.075858;0.044873;-0.029324
645;0.068338;0.074624;0.038262
646;0.025425;0.076487;0.032929
647;0.082137;0.076994;0.015312
648;0.049876;0.080743;-0.024658
649;0.035534;0.043627;0.020805
650;0.042056;0.071380;0.019248
651;0.031769;0.035777;-0.081461
652;0.081665;0.055530;-0.096122
653;0.013619;0.060974;-0.059264
654;0.084036;-0.004632;-0.067886
655;0.059866;0.009031;-0.048443
656;0.017894;0.041502;-0.085045
657;0.098324;0.065116;-0.025802
658;0.018288;0.061583;-0.004702
659;0.073141;0.016944;-0.035564
660;-0.045598;0.058510;0.017552
661;0.155412;0.004320;-0.033855
662;0.048177;0.000559;-0.060673
663;-0.003478;0.061360;0.024250
664;0.044088;-0.008409;-0.019216
665;-0.047576;-0.018093;-0.030145
666;-0.010667;0.007738;-0.003690
667;-0.022529;0.049378;-0.003851
668;0.035289;-0.022671;-0.046760
669;-0.027267;0.024632;0.053940
670;0.033321;0.029432;0.080064
671;-0.027435;0.000996;0.118266
672;0.032115;0.007539;0.024847
673;-0.119674;-0.029441;-0.003655
674;0.012161;-0.015271;-0.054039
675;-0.032709;-0.027579;0.017304
676;-0.140566;-0.078799;-0.073940
677;-0.063466;0.023597;0.025079
678;-0.007546;0.019676;0.023040
679;-0.073342;-0.035219;0.018082
680;-0.093629;-0.056093;-0.005660
681;-0.069670;-0.063738;-0.010089
682;-0.044957;-0.080818;-0.057194
683;-0.077799;-0.043952;0.055758
684;-0.109784;-0.090467;0.023149
685;-0.136285;-0.007961;0.071616
686;-0.147993;-0.040370;0.163714
687;-0.049224;-0.068147;0.010885
688;-0.165476;-0.022844;0.138984
689;-0.050556;-0.042718;0.036518
690;-0.155478;-0.081531;0.114639
691;-0.121560;-0.026021;0.088182
692;-0.075412;-0.112846;0.077925
693;-0.155433;-0.048636;-0.012263
694;-0.042218;-0.021183;0.097036
695;-0.126773;-0.141863;0.031693
696;-0.084433;-0.068741;0.068539
697;-0.094691;-0.086168;-0.030697
698;-0.033672;-0.041734;0.078850
699;-0.034406;-0.108928;0.092839
700;0.003020;-0.069763;0.053075
701;-0.039719;-0.101523;0.113174
702;-0.100199;-0.125034;0.021031
703;-0.115830;-0.099033;0.059231
704;-0.062118;-0.148234;-0.000971
705;-0.005860;-0.118045;0.044483
706;-0.099747;-0.150904;0.142320
707;0.007098;-0.157383;-0.006512
708;-0.048780;-0.069318;0.162105
709;-0.068273;-0.162615;0.058466
710;-0.059594;-0.126382;0.213238
711;-0.160667;-0.054795;0.074533
712;-0.151908;-0.005249;0.103267
713;-0.195370;-0.084536;0.119664
714;-0.143151;-0.075890;0.097112
715;-0.138114;-0.042045;0.174551
716;-0.014293;-0.108028;0.012408
717;-0.070424;-0.029111;0.090662
718;-0.051084;-0.098991;0.110473
719;0.049993;-0.138090;0.080963
720;-0.135357;-0.136352;0.027159
721;-0.075737;-0.163595;0.000837
722;-0.117450;-0.132021;0.123168
723;-0.056204;-0.238548;0.055479
724;0.011737;-0.195985;0.059057
725;-0.085577;-0.183840;0.109337
726;-0.041744;-0.137773;0.126593
727;-0.000327;-0.153584;0.147983
728;-0.097102;-0.120223;0.134351
729;-0.063013;-0.133941;0.118458
730;-0.028046;-0.138093;0.084660
731;-0.073438;-0.113456;0.086893
732;-0.025757;-0.088021;0.088630
733;-0.019011;-0.077894;0.058969
734;-0.071561;-0.091883;-0.013956
735;-0.069227;-0.084565;0.004478
736;-0.049878;-0.065149;-0.030338
737;-0.056272;-0.080141;-0.066324
738;-0.028758;-0.041972;-0.015242
739;-0.042566;-0.056052;-0.018888
740;-0.034995;-0.037530;0.001848
741;-0.023251;0.002714;0.003572
742;-0.030542;0.015971;0.005766
743;-0.058071;-0.007223;0.004313
744;-0.031501;0.043168;0.018454
745;-0.023400;0.039603;0.024196
746;-0.057932;0.026825;0.005070
747;-0.076087;0.042998;0.029071
748;-0.039073;0.041925;0.041610
749;0.010031;0.062790;0.086401
750;-0.121429;0.071985;0.079099
751;0.014581;0.030197;0.031025
752;-0.062297;0.051030;0.053125
753;-0.116827;0.070765;0.001613
754;-0.038724;0.065280;0.022463
755;-0.027069;0.003890;0.004471
756;-0.048150;0.021624;-0.002099
757;-0.043643;0.015557;-0.021761
758;-0.083121;0.019305;-0.038621
759;-0.043909;0.030816;-0.025504
760;-0.038387;0.024547;-0.013235
761;-0.087830;0.025305;-0.037853
762;-0.023451;0.047004;-0.007714
763;-0.019294;0.022318;-0.036566
764;-0.074892;0.040212;0.002292
765;-0.125750;0.010464;0.006409
766;-0.021840;0.038057;-0.014374
767;0.018850;0.012049;0.018965
768;-0.028983;0.017304;0.005890
769;-0.046116;0.045075;0.038137
770;-0.003127;0.026442;0.037755
771;-0.029332;0.022926;0.047291
772;-0.030869;-0.007181;-0.015458
773;-0.077712;0.024113;-0.030574
774;0.100920;0.020203;0.013853
775;-0.137096;0.023524;0.083740
776;-0.059868;-0.009552;0.030983
777;0.054501;0.057187;0.035585
778;0.018379;0.027277;0.032799
779;0.021208;0.050782;-0.087692
780;-0.078560;0.033411;0.059332
781;0.135603;-0.000020;-0.068742
782;-0.096580;0.079994;0.079676
783;0.037598;-0.037819;-0.111601
784;-0.001270;0.027509;0.019610
785;0.006294;-0.071225;-0.062628
786;0.003155;-0.012192;0.018845
787;0.006200;0.010169;0.002799
788;-0.012434;-0.007653;-0.048924
789;-0.044102;-0.010968;-0.022729
790;0.006128;0.011444;0.057108
791;-0.014268;-0.020179;-0.051647
792;-0.012743;-0.007746;0.107548
793;-0.065807;-0.012919;-0.032092
794;0.036984;0.035081;0.027796
795;0.041585;0.022485;0.049194
796;-0.029616;-0.043275;-0.017333
797;0.012222;0.048920;-0.012283
798;0.082459;-0.011060;0.054748
799;-0.055060;0.063095;0.016363
800;0.107623;-0.012059;-0.024421
801;0.027971;0.026496;0.023997
802;-0.024907;0.005806;0.012801
803;0.071234;-0.028763;-0.062621
804;0.013319;0.054866;0.012322
805;-0.050254;0.005541;-0.044617
806;-0.014821;-0.032696;0.032114
807;-0.001475;-0.067394;0.004345
808;0.154478;-0.013235;-0.058391
809;-0.035852;0.022631;0.100646
810;0.100483;-0.051507;-0.050957
811;-0.038239;-0.008422;-0.027598
812;0.090571;-0.029388;0.089768
813;0.017575;0.050035;0.014873
814;0.032215;-0.007389;-0.021773
815;0.037124;-0.017452;0.013000
816;0.009585;-0.008595;-0.019295
817;0.037328;0.012141;0.016711
818;0.061163;-0.033301;-0.070748
819;0.020934;0.001076;0.041306
820;0.059386;-0.020429;0.047387
821;0.048753;0.006266;-0.005373
822;0.026984;-0.009151;0.022998
823;0.025833;-0.015556;0.019456
824;0.023474;-0.029140;0.015256
825;0.094045;-0.029661;-0.020865
826;0.053085;-0.048697;-0.045147
827;-0.023023;-0.016362;0.049878
828;0.036083;-0.029440;-0.029958
829;0.017197;-0.026068;0.049469
830;-0.014997;-0.016292;0.054887
831;0.034215;-0.010214;0.086113
832;0.016937;0.026002;0.043412
833;0.000252;-0.007316;0.025080
834;0.011213;0.009002;0.100722
835;0.045047;-0.005481;0.013974
836;0.008815;0.005777;0.074467
837;0.035021;-0.020143;0.013528
838;0.015575;-0.011823;-0.054349
839;-0.008889;-0.025072;-0.009269
840;0.054554;-0.044747;-0.015378
841;-0.001160;-0.013490;0.069897
842;0.033911;-0.026937;0.082932
843;0.062919;-0.027523;-0.054809
844;-0.009100;0.007768;0.013901
845;-0.024442;-0.008828;-0.032771
846;0.027038;-0.007489;0.037976
847;-0.005100;-0.022790;0.000028
848;-0.028895;-0.005849;-0.004837
849;-0.008657;-0.018316;0.015385
850;-0.016428;-0.030775;0.013013
851;-0.037556;0.014239;0.017675
852;-0.049599;0.018278;0.037520
853;-0.066337;-0.030729;-0.022103
854;-0.039768;-0.007342;0.024160
855;-0.048066;-0.014390;-0.051704
856;-0.068406;0.018719;0.002371
857;-0.005809;-0.009123;0.026527
858;-0.022889;0.007924;0.057309
859;0.027135;0.005972;0.041483
860;-0.023611;-0.000101;-0.045305
861;-0.088691;0.042531;0.068506
862;-0.017309;-0.009182;-0.000928
863;-0.062719;0.022651;0.037615
864;-0.023030;0.005692;0.042115
865;-0.074050;0.027972;0.087957
866;0.029814;-0.005871;0.026070
867;0.021846;-0.015276;0.016959
868;-0.001982;0.015077;0.069816
869;0.040350;-0.042799;-0.024832
870;0.003335;-0.019515;-0.017150
871;-0.003933;-0.027968;0.025414
872;-0.042628;-0.040078;0.043370
873;-0.015510;0.002995;-0.008820
874;-0.027095;-0.012838;0.027525
875;-0.000851;-0.009121;-0.003263
876;-0.023455;-0.001127;-0.042646
877;0.008701;-0.007753;-0.037908
878;0.079830;-0.019057;0.005022
879;0.001336;0.001913;0.026668
880;0.025209;-0.014336;0.073191
881;-0.007646;-0.009959;-0.002040
882;0.002949;0.005904;-0.018672
883;0.029947;-0.025200;0.024027
884;-0.000790;-0.012731;0.066961
885;0.056382;-0.018668;-0.033384
886;0.041035;-0.008372;0.003117
887;0.062101;-0.005695;0.026343
888;-0.023309;-0.025229;-0.015367
889;0.030077;-0.032247;-0.045213
890;0.017785;-0.024945;-0.018821
891;-0.017159;-0.011488;0.073391
892;0.016202;-0.012082;0.041100
893;-0.012999;-0.023865;-0.013740
894;0.026036;0.014219;-0.016374
895;-0.000488;-0.008855;0.025177
896;0.043925;-0.022424;-0.019186
897;0.039923;0.006471;0.013402
898;0.022836;-0.019011;0.018388
899;0.074300;0.012704;0.032340
900;-0.013431;0.004003;0.060622
901;0.038996;0.032778;0.038033
902;-0.019114;0.020599;0.034343
903;0.030994;-0.001604;0.020097
904;0.038916;0.009650;0.031181
905;0.059806;0.002630;0.059246
906;0.006798;0.013177;-0.021132
907;0.018329;0.029138;0.030395
908;0.011217;0.004059;-0.044777
909;-0.011940;0.039994;0.034450
910;-0.029707;0.043921;-0.002382
911;-0.000414;-0.000239;-0.016415
912;0.002192;0.041282;-0.011506
913;-0.019243;0.032174;0.009857
914;-0.056153;0.019196;-0.045553
915;-0.051186;0.048866;0.051362
916;-0.009730;0.003168;0.007765