index;x;y;z
96;-0.063491;0.036778;0.001835
97;-0.099996;0.013069;-0.039212
98;-0.054743;0.048671;0.003224
99;-0.091603;0.008871;-0.028803
100;-0.041904;0.033305;-0.008902
101;-0.080612;-0.009205;-0.047071
102;-0.048984;0.019890;-0.064238
103;-0.091208;-0.020497;-0.035465
104;-0.044810;-0.003769;-0.051843
105;-0.070233;-0.006719;-0.035762
106;-0.078325;-0.003402;-0.046718
107;-0.085503;-0.019334;-0.011075
108;-0.113002;-0.004342;-0.008500
109;-0.110830;0.003657;0.043678
110;-0.154121;0.013818;0.027664
111;-0.104759;0.017422;0.051900
112;-0.161625;0.035117;0.059512
113;-0.136010;-0.006783;0.041871
114;-0.196434;-0.015662;-0.037184
115;-0.115937;0.034947;0.060909
116;-0.222298;0.004250;-0.002857
117;-0.155432;-0.006290;-0.007507
118;-0.357951;0.042012;0.039220
119;-0.119925;-0.020198;0.006601
120;-0.331068;0.009629;-0.062901
121;-0.204191;-0.056951;-0.048286
122;-0.285534;-0.069871;-0.005873
123;-0.234522;-0.050958;0.022140
124;-0.051497;-0.031140;-0.048368
125;-0.093246;-0.005012;-0.077241
126;-0.077804;-0.041349;-0.041135
127;-0.083240;0.001126;0.008900
128;-0.074551;-0.027643;-0.003481
129;-0.114147;0.014120;0.018924
130;-0.071124;0.061942;0.067439
131;-0.032061;-0.006877;0.050826
132;-0.048950;0.052055;0.016339
133;-0.073108;0.004882;0.031723
134;-0.113976;-0.026108;-0.003543
135;-0.123969;0.029942;-0.015338
136;-0.077167;-0.020107;-0.010965
137;-0.141924;-0.001643;-0.011723
138;-0.105437;-0.017809;0.013737
139;-0.138624;0.007068;-0.006422
140;-0.111260;-0.006362;0.007791
141;-0.150195;0.014510;-0.004087
142;-0.137161;-0.012383;-0.015341
143;-0.185848;0.014780;0.005912
144;-0.134140;0.017122;0.046040
145;-0.153924;0.022867;-0.017969
146;-0.173724;0.005792;-0.024916
147;-0.176835;0.005499;-0.018541
148;-0.129841;0.000015;0.078413
149;-0.151023;0.071650;0.028987
150;-0.166792;-0.035339;-0.078934
151;-0.168803;0.045920;0.004547
152;-0.147556;-0.017383;-0.032707
153;-0.247282;-0.020561;-0.034829
154;-0.176525;0.005533;-0.012192
155;-0.215898;0.038655;-0.012544
156;-0.175406;0.028452;-0.002613
157;-0.178762;0.059026;0.039237
158;-0.165858;-0.016620;-0.058327
159;-0.208029;0.050347;-0.035331
160;-0.183238;-0.001038;-0.069333
161;-0.228576;0.057623;-0.116419
162;-0.131315;0.005037;-0.090191
163;-0.228914;0.015253;-0.095634
164;-0.129822;0.016100;-0.066542
165;-0.162251;0.063005;-0.023929
166;-0.113281;0.043665;-0.027490
167;-0.190807;0.027456;-0.111175
168;-0.126674;0.043885;-0.052261
169;-0.120396;0.093399;-0.046506
170;-0.114560;0.065833;-0.029500
171;-0.104355;0.078405;-0.077979
172;-0.103846;0.065679;-0.023364
173;-0.114566;0.114064;-0.021347
174;-0.089472;0.076959;0.004967
175;-0.114102;0.114001;-0.049109
176;-0.074608;0.106411;0.013686
177;-0.072511;0.132217;0.009037
178;-0.031203;0.106648;-0.010922
179;-0.074005;0.115477;-0.058059
180;-0.067159;0.086403;-0.084656
181;-0.085624;0.079426;-0.095994
182;-0.037064;0.075346;-0.004926
183;-0.091740;0.110963;-0.066084
184;-0.062725;0.065367;-0.128154
185;-0.078155;0.065131;-0.183043
186;-0.050441;0.049407;-0.080985
187;-0.079315;0.060282;-0.129180
188;-0.099486;0.058831;-0.039556
189;-0.090903;0.109751;-0.040559
190;-0.050696;0.099307;-0.019061
191;-0.063907;0.121535;0.055455
192;0.020914;0.117869;-0.001823
193;-0.126598;0.188499;0.047729
194;0.027637;0.074101;-0.104171
195;-0.059431;0.198610;0.017629
196;-0.105011;0.002991;-0.220231
197;-0.064941;0.100187;0.025705
198;-0.058268;-0.005985;-0.084992
199;-0.035642;0.188575;-0.241097
200;-0.063283;0.063547;-0.130348
201;0.009198;0.103364;0.002375
202;-0.009974;0.074606;0.011754
203;0.062708;0.098714;-0.016430
204;-0.027091;0.069814;0.008488
205;0.051872;0.094039;-0.050892
206;-0.012702;0.071500;-0.034834
207;0.012712;0.098812;-0.021243
208;-0.033717;0.076126;-0.044230
209;-0.025664;0.084720;-0.068007
210;-0.053628;0.065038;-0.044139
211;-0.007166;0.065603;-0.023259
212;-0.009713;0.032453;-0.044229
213;0.004263;0.062948;-0.081360
214;0.037492;0.051179;-0.053363
215;0.052150;0.025922;-0.111873
216;0.024058;0.027609;-0.088678
217;0.041737;0.038562;-0.091519
218;0.021003;0.029194;-0.050110
219;0.039277;0.036809;-0.053235
220;0.051590;0.055197;-0.049343
221;0.053620;0.062448;-0.059779
222;0.028576;0.063996;-0.048895
223;0.053516;0.066462;-0.043905
224;0.016712;0.072082;-0.046299
225;0.039974;0.092232;-0.016703
226;0.020481;0.084683;-0.022698
227;0.039061;0.074935;-0.050605
228;0.054905;0.092712;-0.058374
229;0.029506;0.084016;0.003570
230;0.054161;0.079747;-0.039433
231;0.029237;0.072658;-0.045355
232;0.027255;0.083381;-0.036525
233;-0.029763;0.065555;-0.070684
234;0.045564;0.071931;-0.121416
235;-0.009266;0.062253;-0.003322
236;0.011315;0.056528;-0.056886
237;-0.029293;0.073573;-0.068243
238;0.013177;0.084654;-0.020358
239;-0.003870;0.047753;-0.079229
240;0.006911;0.057476;-0.040950
241;-0.011251;0.057772;-0.063800
242;0.032936;0.069862;-0.033864
243;-0.005513;0.038824;-0.045984
244;-0.011942;0.044411;-0.085492
245;-0.019630;0.041441;-0.059614
246;-0.051206;0.055058;-0.082618
247;-0.025889;0.054967;-0.052361
248;-0.028621;0.041868;-0.074398
249;-0.027445;0.077491;-0.042277
250;-0.032061;0.051297;-0.017038
251;0.020180;0.082976;-0.062427
252;-0.012623;0.082947;-0.053302
253;-0.032096;0.075811;-0.027720
254;-0.004133;0.061757;-0.019196
255;-0.043710;0.083310;-0.022500
256;-0.025310;0.073708;-0.019171
257;-0.047538;0.095796;-0.023376
258;-0.027580;0.072538;-0.039765
259;-0.020862;0.089764;-0.028738
260;-0.050740;0.077290;-0.033495
261;-0.026134;0.071289;-0.031056
262;-0.090557;0.060092;-0.022882
263;-0.058475;0.078865;-0.042061
264;-0.055456;0.053638;-0.035170
265;-0.064266;0.045971;-0.105291
266;-0.081682;0.072317;-0.055703
267;-0.084275;0.039097;-0.064972
268;-0.099759;0.054946;-0.062176
269;-0.067459;0.051415;-0.028594
270;-0.074364;0.053426;-0.065875
271;-0.057698;0.072728;-0.032961
272;-0.036738;0.061165;-0.055475
273;-0.038165;0.080399;-0.027103
274;-0.074343;0.074813;-0.091116
275;-0.088044;0.064237;-0.046143
276;-0.069402;0.067680;-0.063513
277;-0.113425;0.083165;-0.034639
278;-0.081079;0.092989;-0.014129
279;-0.119523;0.063077;-0.014513
280;-0.035629;0.081403;-0.025574
281;-0.083410;0.089378;-0.000584
282;-0.104284;0.074897;-0.080789
283;-0.112717;0.063423;-0.098091
284;-0.130275;0.061586;-0.121051
285;-0.081352;0.034184;-0.077606
286;-0.098268;0.018402;-0.091937
287;-0.068583;0.042620;-0.077467
288;-0.082758;0.002814;-0.102241
289;-0.091584;0.055007;-0.065543
290;-0.067251;0.046078;-0.034424
291;-0.074895;0.035249;-0.041773
292;-0.114970;0.064310;-0.002924
293;-0.044899;0.093978;0.005495
294;-0.130922;0.071663;0.044690
295;-0.063087;0.055790;-0.037052
296;-0.081348;0.062922;0.032539
297;-0.138168;0.228956;0.167645
298;-0.133357;0.012923;-0.051912
299;-0.067515;0.096427;0.015047
300;-0.080244;0.108007;0.086068
301;0.004561;0.077776;-0.084463
302;-0.031749;0.085523;0.004381
303;0.004250;-0.003095;-0.064534
304;-0.104174;0.037621;-0.123605
305;-0.137690;0.015777;-0.098648
306;-0.037758;0.032784;0.036138
307;0.010685;0.047266;-0.064208
308;0.006169;0.027530;-0.054848
309;-0.029050;0.028991;-0.023294
310;0.025043;0.020508;-0.058816
311;-0.028329;0.020423;-0.013864
312;-0.106729;0.052326;-0.078803
313;-0.092578;0.018412;-0.088556
314;-0.059031;0.025092;-0.002659
315;-0.053424;0.038393;-0.025899
316;-0.029228;0.017655;-0.032558
317;-0.074434;0.041642;-0.047917
318;-0.068706;0.027167;-0.030585
319;-0.050578;0.052995;-0.039668
320;-0.057090;0.047775;-0.033595
321;-0.012911;0.045644;-0.016344
322;-0.056640;0.052629;-0.002387
323;-0.060991;0.051392;0.009729
324;-0.032027;0.066657;0.021939
325;-0.058544;0.052855;-0.012929
326;-0.035058;0.077123;0.010692
327;-0.012039;0.127199;0.105054
328;-0.041270;0.122674;0.063704
329;-0.056044;0.115336;-0.061411
330;-0.034766;0.104690;-0.066673
331;-0.061934;0.078993;-0.122391
332;-0.008875;0.060806;-0.126492
333;-0.030069;0.037159;-0.181408
334;0.002756;0.093033;-0.114341
335;-0.003366;0.079082;-0.140247
336;0.010352;0.096267;-0.183030
337;-0.003454;0.069226;-0.173946
338;-0.024940;0.075544;-0.170571
339;0.029154;0.084445;-0.142011
340;0.031087;0.084882;-0.096358
341;0.020512;0.132258;-0.083845
342;0.006111;0.129883;-0.062502
343;0.030044;0.141183;-0.051059
344;-0.018708;0.134954;-0.025950
345;0.013815;0.136255;-0.041278
346;-0.000346;0.150982;-0.018268
347;-0.060076;0.127277;-0.024205
348;0.002472;0.134488;-0.008861
349;0.040140;0.133039;0.006908
350;-0.020955;0.121683;-0.005901
351;-0.028884;0.125662;0.005107
352;-0.000169;0.122956;-0.048941
353;-0.030838;0.119838;0.004653
354;-0.012268;0.090034;-0.064153
355;-0.038154;0.113283;-0.010256
356;-0.026864;0.063175;-0.124438
357;-0.042373;0.060531;-0.074481
358;-0.067868;0.022059;-0.108746
359;-0.059510;0.035048;-0.103343
360;-0.021509;0.050705;-0.053398
361;-0.028316;0.081308;-0.016788
362;-0.067699;0.014710;-0.088437
363;-0.028134;0.024873;-0.102760
364;-0.054386;0.002031;-0.129792
365;-0.090597;0.021996;-0.097036
366;-0.043581;0.005241;-0.060552
367;-0.032756;0.026206;-0.027564
368;-0.066238;0.038268;-0.020306
369;-0.068787;0.067944;-0.016673
370;0.009010;0.095291;0.087068
371;-0.103977;0.063649;-0.014006
372;-0.043572;0.078885;-0.006112
373;-0.074828;0.074593;-0.003542
374;-0.116280;0.050785;-0.003793
375;-0.073948;0.069338;0.029406
376;-0.132339;0.108040;-0.121025
377;-0.024387;0.017963;-0.034235
378;-0.107254;0.103320;0.119330
379;-0.093392;0.022297;-0.016713
380;-0.053319;0.125857;0.032093
381;-0.082550;0.056172;0.125398
382;-0.042461;0.068699;0.065566
383;-0.033079;0.008573;0.072444
384;-0.070758;0.035555;0.026199
385;-0.085009;0.040627;-0.003738
386;-0.026600;0.017342;0.022553
387;-0.110876;-0.001241;-0.063857
388;-0.062448;0.015949;-0.043244
389;-0.076868;-0.008248;-0.041103
390;-0.113051;-0.001970;-0.088651
391;-0.093841;-0.027795;-0.017859
392;-0.041822;-0.010487;-0.021454
393;-0.068319;-0.012496;-0.048313
394;-0.108828;0.017174;-0.019167
395;-0.099948;-0.008899;-0.024198
396;-0.130949;0.023475;-0.017025
397;-0.127497;0.016905;-0.000963
398;-0.153204;0.017227;0.007412
399;-0.137012;0.007630;0.007026
400;-0.122292;0.005166;-0.020123
401;-0.143541;0.017386;-0.005337
402;-0.131052;0.022932;-0.027499
403;-0.128343;0.023643;0.004304
404;-0.165942;0.000961;-0.018446
405;-0.153708;0.007993;0.013969
406;-0.160567;0.010219;-0.005797
407;-0.147500;-0.008780;-0.012998
408;-0.167286;0.002522;0.015941
409;-0.155595;0.000983;-0.039535
410;-0.180213;-0.004617;0.007755
411;-0.162159;0.035010;-0.025091
412;-0.163320;0.034710;-0.001469
413;-0.179954;0.034103;-0.027011
414;-0.166933;0.025256;0.003615
415;-0.196383;0.035135;-0.010005
416;-0.175059;0.028392;0.012800
417;-0.171603;0.050590;0.014854
418;-0.172374;0.016755;-0.003253
419;-0.185452;0.062698;-0.022054
420;-0.130770;0.080977;0.039970
421;-0.184182;0.068490;-0.018400
422;-0.201874;0.029491;0.000988
423;-0.177820;0.073352;-0.010947
424;-0.220492;0.035897;-0.057689
425;-0.216136;0.039602;-0.026151
426;-0.225576;0.009732;-0.050088
427;-0.224479;0.019182;-0.042513
428;-0.242282;0.030041;-0.024531
429;-0.244785;0.044732;-0.037499
430;-0.258897;0.064838;-0.035520
431;-0.232039;0.033158;-0.033887
432;-0.290753;0.064048;-0.017708
433;-0.285199;0.019840;-0.003430
434;-0.257895;0.061970;0.018942
435;-0.280172;0.072253;0.009990
436;-0.270324;0.081426;-0.007021
437;-0.289490;0.088581;0.011216
438;-0.314511;0.107051;-0.009689
439;-0.360088;0.067085;-0.023242
440;-0.252140;0.098413;-0.021851
441;-0.321089;0.079249;-0.068300
442;-0.393005;0.053165;-0.121121
443;-0.312678;0.027340;-0.102344
444;-0.335398;0.074117;-0.107550
445;-0.375833;0.055319;-0.135469
446;-0.396875;0.035128;-0.156781
447;-0.326668;0.052603;-0.122296
448;-0.329128;0.063250;-0.133093
449;-0.417316;0.053378;-0.136436
450;-0.287782;0.095789;-0.109930
451;-0.318155;0.103811;-0.084302
452;-0.313975;0.114049;-0.069416
453;-0.306649;0.140843;-0.066391
454;-0.340507;0.156781;-0.050755
455;-0.319581;0.176892;-0.014361
456;-0.313255;0.186432;-0.054814
457;-0.304680;0.184437;-0.028566
458;-0.400322;0.187395;-0.071850
459;-0.396945;0.163422;-0.084595
460;-0.342027;0.185597;-0.065809
461;-0.359466;0.158759;-0.095431
462;-0.408454;0.188315;-0.084029
463;-0.366375;0.132311;-0.101193
464;-0.393372;0.127357;-0.089748
465;-0.389547;0.100178;-0.139093
466;-0.385519;0.112005;-0.086490
467;-0.349872;0.114845;-0.117751
468;-0.378444;0.121285;-0.077746
469;-0.400227;0.145321;-0.087471
470;-0.383839;0.119462;-0.087453
471;-0.381637;0.135710;-0.051079
472;-0.475084;0.116104;-0.054901
473;-0.481337;0.135427;-0.042081
474;-0.401762;0.124981;-0.053230
475;-0.432906;0.142718;-0.010104
476;-0.462578;0.132914;-0.071296
477;-0.474951;0.134183;-0.060667
478;-0.481815;0.116702;-0.054541
479;-0.412500;0.115899;-0.041014
480;-0.475103;0.105070;-0.060527
481;-0.487078;0.093899;-0.073250
482;-0.509496;0.105133;-0.057678
483;-0.490149;0.073630;-0.102946
484;-0.520472;0.077040;-0.106603
485;-0.495757;0.084745;-0.078397
486;-0.455265;0.089169;-0.083047
487;-0.510027;0.072982;-0.101781
488;-0.479264;0.075131;-0.083292
489;-0.500093;0.086950;-0.121155
490;-0.506137;0.077805;-0.100792
491;-0.537759;0.087464;-0.082331
492;-0.557366;0.088402;-0.124056
493;-0.559020;0.105669;-0.113105
494;-0.597655;0.113750;-0.157738
495;-0.644663;0.110194;-0.118279
496;-0.507458;0.128639;-0.168427
497;-0.612713;0.128344;-0.147050
498;-0.545161;0.117925;-0.165246
499;-0.611989;0.123597;-0.191732
500;-0.576432;0.110084;-0.138497
501;-0.597099;0.121070;-0.152018
502;-0.599159;0.096198;-0.116074
503;-0.586002;0.099471;-0.105579
504;-0.623685;0.061544;-0.101250
505;-0.703803;0.119009;-0.078883
506;-0.663353;0.074226;-0.090407
507;-0.695118;0.098924;-0.086841
508;-0.656254;0.107996;-0.059705
509;-0.686858;0.091486;-0.074797
510;-0.679995;0.110198;-0.071928
511;-0.729686;0.125798;-0.092103
512;-0.689213;0.093991;-0.044203
513;-0.709289;0.126260;-0.143595
514;-0.744718;0.086426;-0.130338
515;-0.719911;0.105794;-0.122099
516;-0.783475;0.058474;-0.110214
517;-0.727904;0.088464;-0.140592
518;-0.739119;0.090198;-0.145250
519;-0.757610;0.061020;-0.132435
520;-0.786194;0.059183;-0.139054
521;-0.765172;0.094434;-0.119121
522;-0.748227;0.079441;-0.150351
523;-0.729376;0.078988;-0.132153
524;-0.711618;0.040731;-0.064359
525;-0.806788;0.069029;-0.110775
526;-0.773364;0.091992;-0.106086
527;-0.738945;0.064614;-0.067937
528;-0.739564;0.076356;-0.062462
529;-0.741296;0.070385;-0.055498
530;-0.788768;0.089917;-0.102479
531;-0.768225;0.061906;-0.072382
532;-0.744359;0.086308;-0.059541
533;-0.769418;0.087979;-0.087726
534;-0.774046;0.086772;-0.063720
535;-0.747073;0.091483;-0.080653
536;-0.788526;0.085857;-0.080673
537;-0.751852;0.067201;-0.066365
538;-0.756914;0.058663;-0.075478
539;-0.731791;0.067223;-0.084870
540;-0.814921;0.075077;-0.077720
541;-0.775903;0.080447;-0.088598
542;-0.825188;0.060218;-0.130878
543;-0.785345;0.068996;-0.109781
544;-0.806130;0.036316;-0.103825
545;-0.720685;0.081942;-0.071406
546;-0.853237;0.066304;-0.094774
547;-0.872354;0.042861;-0.093268
548;-0.781423;0.061034;-0.124264
549;-0.788337;0.059459;-0.112634
550;-0.751503;0.076607;-0.081635
551;-0.723025;0.081199;-0.101399
552;-0.765032;0.106377;-0.045600
553;-0.762611;0.059586;-0.082233
554;-0.751397;0.077006;-0.083991
555;-0.771386;0.083030;-0.031342
556;-0.773228;0.084367;-0.037185
557;-0.754758;0.065369;-0.086954
558;-0.770807;0.041661;-0.083787
559;-0.753481;0.053153;-0.087220
560;-0.834607;0.043400;-0.099851
561;-0.803152;0.075049;-0.079547
562;-0.820677;0.061694;-0.135472
563;-0.823019;0.050483;-0.092541
564;-0.844523;0.026864;-0.166624
565;-0.748980;0.050183;-0.049493
566;-0.821443;0.037867;-0.080760
567;-0.788909;0.055451;-0.103942
568;-0.808339;0.044884;-0.080430
569;-0.794568;0.012893;-0.087561
570;-0.803410;0.052525;-0.076433
571;-0.831680;0.052042;-0.056450
572;-0.878300;0.048471;-0.140833
573;-0.847082;0.052333;-0.087450
574;-0.796812;0.058348;-0.101470
575;-0.812411;0.050841;-0.057238
576;-0.882406;0.012699;-0.060639
577;-0.819263;0.044731;-0.053294
578;-0.977872;0.007397;-0.064715
579;-0.784591;-0.016871;-0.067634
580;-0.869307;-0.059423;-0.020118
581;-0.866027;-0.061095;-0.037893
582;-0.844567;-0.093248;-0.030677
583;-0.870186;-0.127696;-0.001385
584;-0.755103;-0.134869;0.044908
585;-0.883898;-0.164113;-0.003873
586;-0.817804;-0.118421;0.038570
587;-0.783591;-0.128120;0.032018
588;-0.821952;-0.147034;0.023139
589;-0.795642;-0.132374;0.026898
590;-0.840520;-0.120227;0.030345
591;-0.872049;-0.105088;0.037427
592;-0.841775;-0.105729;0.017095
593;-0.922643;-0.118553;0.000423
594;-0.858112;-0.081802;-0.009500
595;-0.866991;-0.087373;0.016388
596;-0.886353;-0.079999;-0.033216
597;-0.874064;-0.090216;0.004491
598;-0.971025;-0.091648;-0.031244
599;-0.892721;-0.089863;-0.019014
600;-0.902746;-0.077578;-0.051698
601;-0.921447;-0.101279;-0.030894
602;-0.975534;-0.084661;0.029458
603;-0.968610;-0.107322;-0.015715
604;-0.917766;-0.069219;-0.015911
605;-0.886497;-0.119464;-0.033867
606;-0.982577;-0.088263;-0.008980
607;-0.942224;-0.084881;-0.028409
608;-0.960795;-0.100702;-0.012188
609;-0.997798;-0.081436;-0.059573
610;-0.956128;-0.092339;-0.036214
611;-0.985539;-0.083862;-0.059730
612;-0.914844;-0.089810;-0.023293
613;-1.012116;-0.068521;-0.002712
614;-1.032881;-0.101061;-0.084725
615;-1.013277;-0.054206;-0.074681
616;-0.949271;-0.082305;-0.039550
617;-1.007412;-0.102583;-0.023734
618;-0.966001;-0.059397;-0.064254
619;-0.981779;-0.061800;0.014441
620;-0.968181;-0.072035;-0.082060
621;-0.972658;-0.081412;-0.032691
622;-0.944962;-0.052220;-0.041160
623;-0.944901;-0.007515;-0.045702
624;-0.986926;-0.043343;-0.102032
625;-1.036642;-0.008487;-0.116087
626;-1.003842;-0.007173;-0.057068
627;-1.124089;0.000201;-0.159920
628;-1.101157;0.036875;-0.141625
629;-1.040545;0.011705;-0.164179
630;-1.134948;0.000060;-0.143051
631;-1.095955;0.019285;-0.134811
632;-1.126853;0.010685;-0.167056
633;-1.089099;0.013315;-0.167578
634;-1.141204;0.019550;-0.091579
635;-1.048331;0.015784;-0.119578
636;-1.055757;0.019946;-0.119796
637;-1.084731;0.006744;-0.097888
638;-1.069605;0.041491;-0.047267
639;-1.102925;0.031006;-0.063151
640;-1.082453;0.031440;-0.059509
641;-1.056986;0.039351;-0.081835
642;-1.071345;0.020760;-0.091237
643;-1.015525;0.043518;-0.060682
644;-1.115636;0.004291;-0.111291
645;-0.994483;0.004244;-0.063111
646;-1.048830;-0.019222;-0.136000
647;-1.105135;0.017594;-0.086541
648;-1.020776;0.003604;-0.136676
649;-1.050079;-0.008512;-0.091448
650;-1.128625;0.001972;-0.107229
651;-1.067780;0.003223;-0.114943
652;-1.116132;-0.016449;-0.086997
653;-1.017658;0.007924;-0.136859
654;-1.060397;0.019032;-0.126107
655;-1.075248;0.003326;-0.124847
656;-1.122638;0.036003;-0.081368
657;-1.105511;0.020663;-0.110152
658;-1.115767;0.004575;-0.140175
659;-1.058523;0.027974;-0.155419
660;-1.036522;-0.011487;-0.089540
661;-1.116345;0.033948;-0.129200
662;-1.113041;-0.000629;-0.114447
663;-1.148380;0.027846;-0.108474
664;-1.203146;0.030228;-0.094754
665;-1.059525;0.030495;-0.094285
666;-1.113415;0.065710;-0.114134
667;-0.989305;0.047222;-0.090214
668;-1.076936;0.057935;-0.149546
669;-1.014023;0.055469;-0.120486
670;-1.096135;0.031953;-0.110277
671;-1.135647;0.045892;-0.111936
672;-0.977196;0.040294;-0.092856
673;-1.151272;0.040794;-0.124414
674;-1.080315;0.049533;-0.142372
675;-1.117248;0.021643;-0.165619
676;-1.035404;0.045166;-0.165662
677;-1.035741;-0.011030;-0.154706
678;-1.084069;0.002613;-0.138845
679;-1.041807;-0.004250;-0.081667
680;-1.070708;-0.045264;-0.114671
681;-1.055617;0.016649;-0.103960
682;-1.109850;-0.015694;-0.083846
683;-1.034114;-0.024509;-0.095018
684;-1.046161;0.008826;-0.034486
685;-1.027969;-0.002831;-0.071606
686;-1.064012;0.002005;-0.055301
687;-1.101279;-0.017819;-0.117080
688;-1.100667;-0.010990;-0.092537
689;-1.127414;-0.012988;-0.089177
690;-1.095297;-0.004482;-0.101001
691;-1.136413;-0.012039;-0.081411
692;-1.133756;-0.027315;-0.118172
693;-1.095581;0.044596;-0.076816
694;-1.153675;0.001243;-0.076073
695;-1.188402;0.026839;-0.087757
696;-1.112808;0.019647;-0.063282
697;-1.117584;0.061051;-0.060473
698;-1.082273;0.049034;-0.062141
699;-1.099303;0.064613;-0.043203
700;-0.960793;0.042454;-0.109082
701;-1.122309;0.065908;-0.065238
702;-1.140865;0.072477;-0.054671
703;-1.073265;0.026009;-0.115713
704;-1.102976;0.035241;-0.074849
705;-1.108492;-0.010435;-0.091927
706;-1.119214;-0.005903;-0.118749
707;-1.146772;-0.034092;-0.122587
708;-1.189859;-0.041596;-0.104294
709;-1.207355;-0.057820;-0.100076
710;-1.082530;-0.054885;-0.080786
711;-1.070037;-0.075488;-0.108463
712;-1.102004;-0.086832;-0.065075
713;-1.112909;-0.085417;-0.097021
714;-1.101576;-0.117715;-0.074595
715;-1.123702;-0.076529;-0.048805
716;-1.077087;-0.108788;-0.094827
717;-1.020552;-0.118324;-0.007190
718;-1.050653;-0.123769;-0.087549
719;-0.979886;-0.061803;0.000893
720;-1.009830;-0.038877;-0.004856
721;-1.047957;-0.066018;-0.005849
722;-1.020995;-0.090949;-0.086122
723;-1.053467;-0.011744;0.000469
724;-1.063637;-0.028119;-0.039568
725;-1.099303;-0.059215;-0.109967
726;-1.037026;-0.016282;-0.002672
727;-1.084690;-0.019899;-0.083035
728;-1.100061;-0.062045;-0.046115
729;-1.116766;-0.056360;-0.060710
730;-1.204047;-0.037428;-0.025977
731;-1.078214;-0.091413;-0.086364
732;-1.003322;-0.079968;-0.011211
733;-1.207616;-0.074359;0.000168
734;-1.092460;-0.066613;0.010107
735;-1.045008;-0.060563;-0.010343
736;-1.165179;-0.078572;-0.012643
737;-1.020636;-0.051195;-0.037222
738;-1.111222;-0.042446;-0.027163
739;-1.041758;-0.057334;-0.026917
740;-1.076920;-0.092463;-0.041566
741;-1.082561;-0.107966;-0.049299
742;-1.063462;-0.119601;-0.041610
743;-0.995109;-0.143037;-0.048083
744;-1.107373;-0.175214;-0.046541
745;-1.168363;-0.145248;-0.029458
746;-1.032337;-0.197382;-0.053418
747;-1.021498;-0.182977;-0.024728
748;-1.036221;-0.207372;0.027682
749;-1.065859;-0.223546;0.048484
750;-1.035656;-0.231072;-0.013765
751;-1.045722;-0.216897;0.045536
752;-0.975960;-0.251996;0.055984
753;-0.857462;-0.220369;0.078176
754;-0.963187;-0.233024;0.048441
755;-1.067324;-0.222482;0.073674
756;-1.001778;-0.214206;0.111135
757;-1.052098;-0.222190;0.061444
758;-1.034765;-0.219337;0.053488
759;-1.130305;-0.204377;0.032437
760;-1.079372;-0.144490;0.100438
761;-1.226952;-0.278375;-0.024916
762;-0.930817;-0.193394;0.029422
763;-0.992925;-0.251064;0.082678
764;-1.055021;-0.201552;-0.000629
765;-0.937402;-0.235320;0.069526
766;-1.043388;-0.149023;0.017559
767;-0.958294;-0.274796;0.137053
768;-0.984644;-0.216188;0.053202
769;-0.905736;-0.242992;0.109908
770;-0.932686;-0.216008;0.111617
771;-0.932576;-0.224386;0.145757
772;-0.953840;-0.251213;0.106831
773;-0.910332;-0.218549;0.075708
774;-0.942630;-0.237849;0.084888
775;-0.957720;-0.240219;0.111407
776;-0.920316;-0.237154;0.110665
777;-1.021865;-0.236771;0.066439
778;-0.947038;-0.225609;0.078458
779;-0.968281;-0.275174;0.127709
780;-0.914319;-0.260618;0.098256
781;-0.917207;-0.263016;0.044305
782;-0.857775;-0.218607;0.094654
783;-0.935605;-0.285108;0.148183
784;-0.922440;-0.252421;0.122569
785;-0.908976;-0.255553;0.088085
786;-0.865417;-0.245236;0.097576
787;-0.968421;-0.265801;0.126565
788;-0.863043;-0.284200;0.102400
789;-0.813234;-0.269896;0.111509
790;-0.809820;-0.302553;0.136455
791;-0.857407;-0.281187;0.062261
792;-0.814353;-0.255558;0.112822
793;-0.848451;-0.308699;0.104507
794;-0.836605;-0.277100;0.129699
795;-0.830657;-0.271272;0.101761
796;-0.780407;-0.268134;0.125804
797;-0.839365;-0.253976;0.165147
798;-0.756639;-0.256159;0.155957
799;-0.880788;-0.255339;0.126889
800;-0.715699;-0.277691;0.131229
801;-0.740823;-0.243627;0.123731
802;-0.741598;-0.239484;0.166413
803;-0.654856;-0.271328;0.127970
804;-0.798104;-0.279721;0.124933
805;-0.792198;-0.303947;0.140702
806;-1.109179;-0.232546;0.227115
807;-0.911024;-0.323734;0.080195
808;-0.808153;-0.221951;0.052770
809;-0.696447;-0.363862;0.148969
810;-0.849703;-0.278752;0.096074
811;-0.788398;-0.310257;0.061409
812;-0.723350;-0.252808;0.083862
813;-0.801381;-0.327695;0.081224
814;-0.790587;-0.293407;0.099964
815;-0.750056;-0.298530;0.028029
816;-0.780818;-0.304479;0.053260
817;-0.680749;-0.310790;0.105458
818;-0.726136;-0.313775;0.056205
819;-0.768645;-0.267039;0.097202
820;-0.803379;-0.313941;0.079804
821;-0.760698;-0.257328;0.098299
822;-0.781576;-0.313484;0.048909
823;-0.761700;-0.225747;0.079570
824;-0.776424;-0.302342;0.024548
825;-0.876688;-0.269592;0.068281
826;-0.816392;-0.276136;0.050148
827;-0.782651;-0.274058;0.067158
828;-0.894356;-0.233006;0.126407
829;-0.788363;-0.285610;0.066323
830;-0.768007;-0.213489;0.120867
831;-0.793146;-0.290020;0.090502
832;-0.938543;-0.278513;0.111585
833;-0.912098;-0.260031;-0.036322
834;-0.632758;-0.205581;0.194847
835;-0.628465;-0.190574;0.211379
836;-0.993130;-0.288292;0.065791
837;-0.987797;-0.208440;0.246983
838;-1.158540;-0.412156;0.049985
839;-0.811031;-0.112491;0.036807
840;-0.650486;-0.246875;0.038009
841;-0.827006;-0.175998;0.080709
842;-0.950863;-0.283118;0.163273
843;-0.949758;-0.239756;0.076488
844;-0.952014;-0.242885;0.082941
845;-0.844692;-0.226709;0.042637
846;-0.932040;-0.222491;0.094541
847;-0.973263;-0.234138;0.066251
848;-0.982565;-0.199524;0.059799
849;-1.000779;-0.290127;0.076610
850;-0.871856;-0.209837;0.068455
851;-0.864379;-0.241857;0.121056
852;-0.815345;-0.204066;0.124393
853;-0.937122;-0.208578;0.086640
854;-0.927349;-0.234338;0.159382
855;-0.768081;-0.198990;0.118607
856;-0.721317;-0.202045;0.244022
857;-0.710012;-0.161999;0.245085
858;-0.936483;-0.170858;0.177629
859;-0.788879;-0.199045;0.218571
860;-0.794395;-0.159641;0.193124
861;-0.756931;-0.165276;0.182350
862;-0.711113;-0.192234;0.159343
863;-0.829447;-0.214934;0.147039
864;-0.780017;-0.278443;0.112217
865;-0.747387;-0.264340;0.017326
866;-0.701948;-0.293546;0.009382
867;-0.613864;-0.346721;0.003480
868;-0.720501;-0.326348;-0.068364
869;-0.632736;-0.307539;-0.016617
870;-0.548529;-0.300900;-0.008443
871;-0.524006;-0.206011;-0.037629
872;-0.435960;-0.190878;0.077044
873;-0.345709;-0.155530;0.046134
874;-0.248820;-0.058884;0.106682
875;-0.264992;-0.088719;0.136832
876;-0.196826;-0.019302;0.136885
877;-0.172782;-0.044689;0.157301
878;-0.112238;-0.001320;0.090801
879;-0.056728;0.022940;0.116103
880;0.003714;-0.027370;0.105304
881;-0.033257;0.033201;0.027229
882;-0.045208;-0.034508;0.061978
883;-0.011099;-0.084343;0.008105
884;-0.022773;0.029489;0.016495
885;0.057315;-0.048435;-0.020833
886;0.079251;-0.008347;-0.083503
887;0.004790;-0.004273;-0.023847
888;0.044392;-0.020536;-0.049123
889;-0.000231;0.027523;-0.073103
890;0.009576;0.019151;0.022609
891;0.052632;0.026932;0.039465
892;0.061786;0.110268;0.061463
893;0.044533;0.039780;0.074956
894;0.062621;0.083470;0.039494
895;0.004889;0.081179;0.079179
896;0.010243;0.045399;0.054507
897;0.036292;0.113547;0.117756
898;0.027613;0.074267;0.093644
899;0.061776;0.068512;0.008019
900;0.021926;0.034388;0.001612
901;0.028941;-0.000389;0.038203
902;-0.006236;0.011675;0.014562
903;0.044879;0.006837;-0.004836
904;0.085117;-0.009325;-0.037324
905;0.030938;-0.062665;-0.029959
906;0.034809;-0.055390;-0.061147
907;0.121304;-0.025987;-0.105920
908;0.081727;-0.072006;-0.069336
909;0.128442;-0.047141;-0.057719
910;0.077468;-0.027253;-0.021855
911;0.058458;-0.057345;-0.001620
912;0.055653;-0.016448;0.012426
913;0.067033;-0.013328;0.051326
914;0.087897;-0.004502;0.083985
915;0.031530;0.013596;0.095888
916;0.055521;0.028278;0.092524
917;0.029444;0.061847;0.128936
918;0.054698;0.017295;0.104503
919;0.076114;0.055588;0.109192
920;0.063184;0.047887;0.106509
921;0.037029;0.008390;0.089983
922;-0.030657;0.006132;0.048744
923;0.026184;-0.007267;0.058429
924;0.012090;-0.040824;0.051000
925;-0.017260;-0.038764;-0.016559
926;-0.009855;-0.026760;-0.002421
927;0.008574;-0.034147;0.024271
928;0.007853;-0.039739;0.009892
929;0.027144;-0.062614;-0.023830
930;0.007144;-0.041241;-0.068026
931;0.005401;-0.092313;-0.067810
932;-0.034353;-0.056265;-0.063424
933;0.008777;-0.067542;-0.056347
934;0.014816;-0.074750;-0.030229
935;-0.018889;-0.044263;0.002041
936;-0.023372;-0.085804;-0.018129
937;0.028217;-0.010477;-0.008798
938;-0.003821;-0.040110;0.056168
939;0.047163;-0.005984;0.025171
940;0.001028;0.023650;0.088035
941;0.014105;-0.013367;0.055252
942;-0.004155;-0.000529;0.048540
943;0.053900;-0.020624;0.067980
944;0.008175;-0.001128;-0.008583
945;-0.038185;-0.027581;0.015776
946;-0.041990;-0.038973;0.025898
947;0.018148;0.012920;0.004909
948;0.006661;-0.029899;0.026155
949;-0.007380;-0.031969;-0.024908
950;-0.039016;-0.034847;-0.012955
951;-0.037162;-0.034094;-0.013862
952;-0.078029;-0.014283;0.036417