index;x;y;z
0;0.037554;-0.006254;0.038273
1;0.004284;-0.006631;0.007299
2;0.008371;-0.052062;0.024108
3;-0.000367;0.022057;0.064376
4;-0.063177;0.008312;-0.007023
5;-0.080082;-0.083122;-0.049220
6;-0.128343;-0.019861;0.061495
7;-0.426075;0.004889;-0.191102
8;-0.443628;-0.102169;-0.232795
9;-0.321542;0.233763;0.053036
10;-0.221819;0.175651;0.153099
11;-0.144404;0.023214;0.119752
12;-0.208979;0.186843;0.129143
13;-0.121329;-0.022904;0.201844
14;0.008251;0.188153;0.139646
15;0.096874;0.107877;0.245231
16;0.171050;-0.084593;0.265289
17;0.196079;-0.369689;0.595439
18;0.332960;-0.068705;0.140441
19;0.308533;-0.354835;0.274470
20;0.263114;-0.222600;0.447958
21;0.172233;-0.270652;0.191292
22;-0.151678;-0.634421;-0.183927
23;-0.035386;-0.237884;-0.137919
24;-0.091402;-0.290822;0.045045
25;-0.082828;-0.225343;-0.395189
26;-0.181981;-0.165148;-0.457710
27;0.067783;-0.073583;-0.164853
28;0.153468;0.162991;0.139818
29;-0.045333;0.408338;0.063172
30;0.214868;0.211789;0.032868
31;0.367638;0.396028;-0.059046
32;0.421829;0.228715;-0.165782
33;0.114050;0.336211;-0.128546
34;0.173389;0.222714;-0.147921
35;-0.050021;0.281125;-0.181490
36;-0.890357;0.393399;0.215979
37;-0.037952;0.182896;0.122114
38;-0.047734;0.032973;0.194533
39;-0.300726;0.156633;0.154514
40;0.039666;-0.038421;-0.398067
41;0.127216;-0.322012;-0.449801
42;-0.049075;-0.134341;-0.019608
43;-0.114952;0.193170;0.075083
44;0.067408;0.172926;0.252483
45;-0.070837;0.224427;1.264066
46;-0.035904;-0.024511;-0.184435
47;-0.000927;0.019110;-0.065216
48;-0.112070;0.046355;0.221669
49;-0.002620;-0.018758;-0.012072
50;0.005999;-0.015315;-0.003922
51;0.013304;-0.014355;0.004940
52;0.012951;-0.018040;0.009606
53;0.010002;-0.024636;0.026468
54;0.172947;0.022343;0.005806
55;-0.413765;0.106814;0.117009
56;0.076530;-0.194755;-0.192119
57;-0.086662;0.025488;0.147637
58;0.082759;0.053760;-0.067768
59;-0.124164;0.232755;-0.011899
60;-0.006004;0.126002;0.020066
61;0.138038;0.126420;0.024367
62;-0.038078;0.321896;0.047641
63;-0.086256;-0.146351;-0.040423
64;0.024916;-0.308409;-0.009744
65;0.022313;-0.054438;0.083692
66;0.005548;-0.018519;0.019191
67;0.009029;-0.018037;0.011366
68;0.006656;-0.021007;-0.000637
69;0.036253;-0.028240;0.159337
70;-0.031827;0.000789;-0.267259
71;0.107178;-0.031887;0.257538
72;-0.012484;-0.012171;-0.039595
73;0.007681;-0.016483;0.018106
74;0.004185;-0.017296;0.010997
75;0.010049;-0.018282;0.018789
76;0.007621;-0.019640;0.012435
77;0.008898;-0.017784;0.015817
78;0.006473;-0.017561;0.012124
79;0.009077;-0.016022;0.012633
80;0.006430;-0.016123;0.011031
81;0.007759;-0.014247;0.013617
82;0.006210;-0.015032;0.014362
83;0.004437;-0.012930;0.012713
84;0.005405;-0.013799;0.015427
85;0.005954;-0.011375;0.011218
86;0.007897;-0.010561;0.010346
87;0.005506;-0.010469;0.009301
88;0.004686;-0.010280;0.010463
89;0.005478;-0.012992;0.010657
90;0.004680;-0.012405;0.010496
91;0.006179;-0.012053;0.012673
92;0.001368;-0.011622;0.008897
93;0.003714;-0.010518;0.009724
94;0.003975;-0.007148;0.006088
95;0.005160;-0.009163;0.008634
96;0.005842;-0.009491;0.010745
97;0.005973;-0.009351;0.010994
98;0.005314;-0.011357;0.011021
99;0.005656;-0.009701;0.010817
100;-0.080367;0.005266;-0.265115
101;0.062304;-0.040819;0.409922
102;0.018507;-0.012838;0.127598
103;0.013178;-0.007160;0.018153
104;-0.025448;0.003285;-0.130120
105;0.001055;-0.002810;-0.045779
106;-0.017068;-0.002220;-0.074122
107;0.003215;0.000055;0.007810
108;0.034773;-0.012864;0.080284
109;0.004325;0.001753;0.040149
110;-0.037204;0.001561;-0.098903
111;0.013184;-0.015034;0.028386
112;-0.113931;0.003801;-0.138116
113;0.014138;-0.007047;0.031762
114;0.001138;-0.007266;0.004008
115;-0.203900;-0.029570;0.019077
116;0.081028;-0.008101;-0.083944
117;0.030379;-0.001338;0.042886
118;0.009551;-0.005813;0.006502
119;0.000624;-0.007285;-0.000058
120;-0.002997;-0.014555;0.020041
121;0.116370;0.020276;0.011674
122;0.003826;-0.008192;0.013970
123;0.008419;-0.007813;0.013416
124;0.001027;-0.010309;-0.001770
125;0.015293;-0.008245;0.057433
126;0.003252;-0.004734;0.020164
127;0.008772;-0.002863;0.004695
128;0.003749;-0.005899;0.003886
129;-0.006241;-0.009110;0.004271
130;-0.000686;-0.008811;0.004142
131;0.001875;-0.008511;0.007661
132;0.002352;-0.006065;0.008337
133;0.005049;-0.007570;0.011660
134;0.005238;-0.007308;0.010628
135;0.001765;-0.008109;0.005617
136;0.000648;-0.008977;0.006894
137;0.003048;-0.007372;0.006462
138;0.000691;-0.008379;0.007308
139;0.004120;-0.006086;0.009273
140;0.004391;-0.007592;0.007227
141;0.003206;-0.005687;0.006903
142;0.002902;-0.005682;0.005795
143;0.001180;-0.003204;0.003057
144;0.000378;-0.003319;0.007061
145;0.000395;-0.003411;0.003812
146;0.005924;-0.004019;0.011887
147;0.003296;-0.005967;0.009213
148;0.004136;-0.002454;0.004837
149;0.005096;-0.002951;0.004198
150;0.002871;-0.002051;-0.000577
151;0.001130;-0.005090;0.003429
152;0.000741;-0.005564;0.006469
153;0.000229;-0.006347;0.008653
154;0.002419;-0.005041;0.009882
155;0.001240;-0.004821;0.009907
156;0.001762;-0.004781;0.007172
157;0.005893;-0.005250;0.002602
158;0.004406;-0.004120;0.001257
159;0.002117;-0.001452;0.004518
160;0.000374;-0.002927;0.006069
161;-0.000566;-0.003598;0.009036
162;0.000638;-0.004468;0.008855
163;0.001854;-0.004157;0.007354
164;0.002587;-0.004007;0.006893
165;0.001056;-0.001754;0.004377
166;0.003084;-0.000749;0.004445
167;0.001269;-0.000909;0.003594
168;0.000681;0.000071;0.004211
169;0.001330;-0.001717;0.005671
170;0.000051;-0.001780;0.004883
171;0.000216;-0.002591;0.006987
172;0.000850;-0.003021;0.005141
173;0.003883;-0.002751;0.004129
174;0.004480;-0.001312;0.002660
175;0.001863;-0.001679;0.003589
176;0.001209;-0.001874;0.003985
177;-0.000510;-0.003259;0.004471
178;-0.000068;-0.002582;0.005613
179;0.002191;-0.002965;0.004327
180;0.001247;-0.002892;0.004816
181;0.002101;-0.002333;0.004420
182;0.002864;-0.002016;0.003319
183;0.002390;-0.000839;0.005622
184;0.002650;-0.002169;0.006059
185;0.000001;0.000102;0.004090
186;0.000147;-0.000375;0.006144
187;-0.001734;-0.001076;0.004270
188;-0.000554;-0.000710;0.003842
189;0.000146;-0.002125;0.002140
190;0.000786;0.000023;0.002935
191;0.002772;-0.001664;0.005202
192;0.000668;0.000382;0.003012
193;0.000383;-0.001368;0.003540
194;0.001275;0.000098;0.003801
195;-0.000461;-0.001806;0.004121
196;0.001075;-0.000948;0.004349
197;0.000366;-0.003252;0.002895
198;0.000983;-0.001846;0.005634
199;-0.000230;-0.000517;0.002925
200;0.001021;0.000542;0.001261
201;0.000469;0.000326;0.002887
202;-0.001018;0.000297;0.003950
203;0.000220;-0.000330;0.004191
204;0.000779;-0.001174;0.005847
205;0.001547;-0.000059;0.002747
206;0.003157;-0.000246;0.004583
207;0.000575;0.002032;0.002559
208;0.000208;0.001618;0.004067
209;-0.000565;0.001837;0.001852
210;-0.000750;0.002024;0.002892
211;0.002198;0.000652;0.003802
212;0.000124;0.001815;0.001904
213;0.002230;0.000180;0.003957
214;0.000725;0.000672;0.002907
215;0.000938;0.000293;0.004666
216;0.000089;0.000118;0.005811
217;-0.000194;-0.000856;0.003043
218;0.000412;0.001388;0.003680
219;-0.000077;-0.001015;0.001169
220;-0.000536;-0.000181;0.002033
221;0.002107;-0.000287;0.004434
222;0.000063;0.000328;0.001192
223;0.002101;-0.000684;0.001063
224;0.000640;-0.000669;0.002137
225;0.001153;0.000357;0.004704
226;0.000442;0.000381;0.001753
227;-0.000734;0.001157;0.002095
228;0.000293;0.001082;0.004434
229;-0.000009;0.001752;0.001893
230;0.001472;0.002004;0.003603
231;-0.000516;0.001373;0.001810
232;-0.000114;0.001953;0.002145
233;0.000943;0.000460;0.003150
234;0.001727;0.002221;0.001619
235;0.001941;0.000414;0.001843
236;0.001568;-0.000121;0.002866
237;-0.000035;0.000009;0.002617
238;0.001340;0.001350;0.003697
239;-0.002049;-0.000011;0.003832
240;-0.000843;0.000398;0.002955
241;0.000377;-0.000955;0.002988
242;-0.001615;0.000143;0.002439
243;0.000119;-0.000582;0.003325
244;0.001380;0.000381;0.003736
245;0.001563;0.000683;0.004531
246;0.001063;0.001277;0.003149
247;-0.000179;0.001309;0.003566
248;0.002329;-0.000419;0.004840
249;-0.000609;0.001250;0.003164
250;0.001048;0.001158;0.003119
251;-0.000481;0.001529;0.001992
252;-0.000327;0.001368;0.000621
253;0.000106;0.001517;0.000262
254;0.000200;0.002243;0.001217
255;0.000989;0.001377;0.000794
256;0.001459;0.002450;0.003018
257;0.000293;0.001184;0.004406
258;0.000360;0.000573;0.003857
259;-0.000484;-0.000005;0.003209
260;-0.000251;0.002131;0.002614
261;0.000064;-0.000771;0.002987
262;-0.000297;0.000431;0.003315
263;0.000326;0.000860;0.001529
264;-0.001558;0.001181;0.001138
265;0.002201;0.000956;0.004331
266;0.000700;0.000726;0.003070
267;0.001377;0.001201;0.005129
268;0.001496;-0.000048;0.004013
269;0.000791;0.001142;0.001008
270;0.000485;0.002146;0.003777
271;-0.001296;0.002518;0.001169
272;0.000703;0.003018;0.002895
273;-0.001315;0.000901;0.002145
274;-0.000204;0.002410;0.002639
275;0.000487;0.001775;0.002329
276;-0.000746;0.002333;0.000682
277;0.000059;0.001815;0.003740
278;0.000906;0.002338;0.004027
279;-0.000720;0.000610;0.002854
280;0.000630;0.000536;0.004387
281;0.001082;0.000485;0.003307
282;0.000248;0.000139;0.003595
283;-0.000103;0.000660;0.002165
284;0.000329;-0.000700;0.003362
285;0.000813;0.000546;0.003808
286;-0.000230;0.001342;0.003120
287;0.003033;0.000325;0.002765
288;-0.000345;0.001826;0.002808
289;-0.000320;0.001899;0.002184
290;-0.000350;0.001253;0.003697
291;-0.000181;0.003079;0.002378
292;0.001696;0.001687;0.004669
293;-0.000278;0.002568;0.001100
294;0.000519;0.001587;0.001133
295;-0.000126;0.001530;0.002128
296;-0.001992;0.001406;0.002420
297;0.000539;0.000745;0.003033
298;0.000817;0.001328;0.003107
299;-0.000167;0.001000;0.003407
300;0.001802;0.000538;0.003933
301;-0.000476;0.000690;0.004955
302;0.000496;0.000308;0.002154
303;-0.000516;-0.000204;0.003035
304;-0.000487;0.000786;0.003188
305;-0.000239;-0.000040;0.003180
306;-0.000229;-0.000486;0.001870
307;-0.000645;0.001029;0.003652
308;0.001355;-0.000312;0.002843
309;0.001008;0.002050;0.003867
310;0.002189;0.000414;0.002670
311;0.000215;0.002043;0.002144
312;-0.000927;0.001592;0.002659
313;-0.001721;0.002657;0.003628
314;-0.000011;0.001236;0.001752
315;-0.000084;0.003360;0.001431
316;-0.000280;0.001225;0.001436
317;0.001430;0.002354;0.002930
318;0.000805;0.001513;0.000322
319;0.001509;-0.001011;0.004965
320;0.000874;0.000547;0.002904
321;0.000112;0.000535;0.004596
322;-0.000130;0.001029;0.003189
323;-0.000191;0.000899;0.001811
324;0.000040;0.000740;0.002636
325;0.000588;0.001025;0.000349
326;0.000853;0.000598;0.000919
327;0.003208;0.002505;0.001946
328;0.001535;-0.000689;0.002657
329;0.001298;0.001057;0.004438
330;0.000796;-0.001187;0.004905
331;-0.000862;0.001069;0.001657
332;-0.000327;0.001176;0.002085
333;-0.002588;0.002519;0.000070
334;0.000041;0.001981;0.003719
335;-0.001593;0.002465;0.002913
336;0.000200;0.002095;0.005012
337;-0.001627;0.000717;0.003367
338;-0.000613;0.000921;0.003805
339;-0.000218;-0.000400;0.003411
340;-0.000667;0.002277;0.001203
341;0.000996;0.001164;0.001196
342;0.000567;0.000759;0.002686
343;-0.000630;0.000194;0.001191
344;0.000339;0.000539;0.004359
345;0.000667;-0.000346;0.004726
346;-0.000658;0.000449;0.004817
347;0.001118;-0.000178;0.001965
348;-0.002839;0.000102;0.001824
349;0.000434;0.001602;0.002401
350;-0.001059;-0.000114;0.003503
351;0.001012;0.001711;0.005063
352;0.001106;0.001230;0.005745
353;0.000451;0.001529;0.001924
354;0.001515;0.001009;0.004784
355;-0.000701;0.002449;0.001912
356;-0.000651;0.001722;0.002870
357;-0.001688;0.002479;0.000895
358;-0.001920;0.001451;0.000944
359;-0.001004;0.002736;0.002965
360;-0.002042;0.003416;0.001204
361;0.001152;0.001561;0.003901
362;0.000151;0.002162;0.002213
363;0.000180;-0.000238;0.003488
364;0.000742;0.001530;0.003678
365;-0.001383;0.000214;0.002360
366;0.000934;0.000832;0.002295
367;0.000338;0.000624;0.002674
368;-0.001140;0.002488;0.001659
369;-0.000355;0.000476;0.004221
370;0.000186;0.000607;0.002201
371;0.000733;0.000905;0.002785
372;0.000073;0.000404;0.002952
373;0.001300;0.003402;0.004447
374;0.001650;0.003201;0.003146
375;-0.001403;0.003261;0.001809
376;-0.000148;0.002156;0.003843
377;0.000514;0.002900;0.001282
378;-0.000000;0.001343;0.002488
379;0.000119;0.001930;0.002789
380;-0.000268;0.001581;0.002071
381;0.001289;0.000597;0.002946
382;-0.000985;0.003653;0.001386
383;-0.000640;0.001774;0.001478
384;0.001696;0.001231;0.002167
385;-0.000598;0.000553;0.003230
386;-0.000688;0.002273;0.002597
387;-0.002169;-0.000751;0.000956
388;0.000463;-0.000832;0.005155
389;-0.000279;0.000663;0.003614
390;-0.001073;-0.000388;0.001654
391;0.004050;0.000899;0.001344
392;0.000423;0.000092;0.002291
393;0.000017;0.002081;0.001967
394;0.000354;0.000964;0.005234
395;-0.001371;0.001578;0.005018
396;-0.000408;0.000277;0.004059
397;-0.000897;0.002732;-0.000893
398;0.001041;0.002392;0.003885
399;0.000261;0.002953;0.001208
400;-0.000006;0.003434;0.002083
401;0.000643;0.000701;0.001900
402;-0.000565;0.002580;0.001999
403;0.000486;0.000473;0.003455
404;0.000375;0.003071;0.001112
405;0.000693;0.000565;0.000579
406;0.000494;0.002146;0.001376
407;-0.000084;0.001249;0.002442
408;-0.000819;0.002131;0.002210
409;-0.000105;-0.000106;0.002207
410;-0.000439;0.000049;0.004509
411;-0.000191;0.000040;0.004017
412;0.000033;0.000675;0.004387
413;0.001459;0.000738;0.003125
414;0.000462;0.000725;0.001918
415;0.000297;0.003623;0.002239
416;0.000032;0.002573;0.003549
417;-0.000447;0.001974;0.002208
418;-0.001907;0.001970;0.004957
419;-0.000278;0.003713;0.003430
420;-0.000941;0.001890;0.003380
421;0.001154;0.001823;0.001904
422;-0.000097;0.001758;-0.001222
423;0.001237;0.000739;0.002240
424;0.001786;0.003358;0.001861
425;-0.000919;0.000980;0.001892
426;0.000873;0.000606;0.002086
427;-0.001027;-0.000380;0.001822
428;0.000567;-0.000151;0.004040
429;0.000039;-0.000213;0.003216
430;-0.000539;0.000761;0.000981
431;0.001699;0.001336;0.003486
432;-0.000405;0.001157;0.000728
433;0.001372;0.001616;0.004192
434;0.000175;0.000607;0.002582
435;0.000273;0.000472;0.001735
436;-0.000521;-0.000979;0.002850
437;-0.000342;0.003337;0.002591
438;-0.000763;0.000758;0.002806
439;-0.000337;0.002946;0.001642
440;-0.001596;0.001352;0.003492
441;0.000697;0.002931;0.002338
442;-0.000796;0.003372;0.001179
443;0.000940;0.003385;0.000922
444;0.000569;0.003142;0.003332
445;0.001031;0.000459;0.002308
446;0.000198;0.000434;0.002802
447;0.000996;0.000436;0.002084
448;0.001544;0.000286;0.002799
449;-0.001311;0.001533;0.000915
450;-0.000557;0.000201;0.002251
451;-0.000076;0.002379;0.002214
452;-0.000560;0.000634;0.003027
453;0.002674;0.000682;0.004765
454;-0.001062;0.000624;0.002444
455;0.000723;0.000993;0.003327
456;0.000726;0.001329;0.002173
457;0.000721;0.002130;0.002885
458;0.000932;0.002234;0.003625
459;-0.001693;0.002514;0.003073
460;0.000328;0.000835;0.004644
461;-0.001222;0.001799;0.002736
462;-0.000762;0.002141;0.003779
463;-0.000182;0.002852;0.002340
464;-0.000572;0.003640;0.001022
465;0.001384;0.000834;0.001510
466;0.000643;0.002222;0.002975
467;0.000044;0.000296;0.003460
468;0.001552;0.002250;0.002573
469;0.001023;-0.000531;0.001040
470;0.000905;0.000521;0.003457
471;-0.000359;-0.000872;0.000735
472;-0.002189;0.001554;0.001749
473;-0.000464;-0.000338;0.003228
474;-0.000702;0.001650;0.000677
475;0.000175;0.003137;0.001054
476;0.001079;0.001301;0.002466
477;-0.000351;0.001024;0.005129
478;0.000615;0.000273;0.005161
479;0.000687;0.000333;0.003176
480;0.000287;0.001606;0.003935
481;0.000197;0.001590;0.001769
482;0.000600;0.001973;-0.001502
483;-0.000167;0.001893;0.001200
484;-0.003989;0.004025;0.004031
485;-0.000456;0.002325;0.005562
486;-0.002196;0.000426;0.001910
487;0.000853;0.000909;0.001623
488;0.001979;0.001296;0.003283
489;0.000995;0.001012;0.002859
490;0.002452;0.001116;0.001427
491;-0.000261;-0.004975;0.002923
492;-0.001174;-0.009513;0.007363
493;-0.002166;-0.031537;0.021089
494;0.001383;-0.060310;0.030281
495;-0.002163;-0.100418;0.044073
496;0.002499;-0.139885;0.055004
497;0.001440;-0.192450;0.077826
498;0.001172;-0.231869;0.099541
499;0.001374;-0.262935;0.127621
500;0.001916;-0.271156;0.145248
501;-0.000873;-0.261698;0.170772
502;0.001173;-0.247445;0.177630
503;0.000451;-0.228810;0.188418
504;-0.000938;-0.227308;0.189483
505;0.000291;-0.221908;0.194016
506;0.003300;-0.219867;0.198480
507;0.004120;-0.235584;0.177003
508;0.001069;-0.254044;0.176341
509;0.002016;-0.287241;0.165857
510;-0.001676;-0.311206;0.166286
511;-0.002181;-0.345479;0.207740
512;0.010561;-0.361159;0.225111
513;0.001274;-0.387874;0.219638
514;0.009220;-0.404450;0.243348
515;-0.006065;-0.424089;0.247784
516;-0.001982;-0.435235;0.238500
517;0.003818;-0.444790;0.269180
518;0.001202;-0.454829;0.285877
519;0.002069;-0.460851;0.300884
520;-0.001610;-0.452498;0.297210
521;0.007286;-0.464025;0.299188
522;0.025371;-0.482083;0.329323
523;0.007434;-0.490810;0.333361
524;0.009245;-0.492846;0.324133
525;-0.012078;-0.491939;0.326513
526;0.014924;-0.488902;0.339432
527;-0.011832;-0.491619;0.313460
528;-0.001389;-0.525434;0.287882
529;-0.018664;-0.470575;0.409871
530;-0.007760;-0.500807;0.302205
531;0.006960;-0.505630;0.311870
532;0.048665;-0.508438;0.276068
533;0.011733;-0.491589;0.289133
534;0.011895;-0.499077;0.320606
535;-0.002279;-0.516123;0.262226
536;-0.014957;-0.513596;0.306296
537;-0.007101;-0.481361;0.311361
538;0.023563;-0.469274;0.348554
539;0.014440;-0.473486;0.339648
540;-0.034849;-0.496363;0.348459
541;0.013867;-0.488371;0.351818
542;0.036566;-0.434214;0.315852
543;-0.034021;-0.395413;0.278270
544;0.030382;-0.385321;0.299274
545;0.027070;-0.314555;0.218596
546;0.027759;-0.296803;0.210278
547;0.047195;-0.297354;0.103153
548;0.019415;-0.306368;0.140687
549;0.002569;-0.301096;0.254428
550;-0.079205;-0.317194;0.184592
551;0.026771;-0.385439;0.114235
552;-0.017780;-0.362340;0.197733
553;-0.014767;-0.379016;0.204269
554;0.010276;-0.396518;0.223216
555;0.043468;-0.439491;0.263528
556;-0.009805;-0.336590;0.322741
557;-0.013937;-0.377032;0.221085
558;-0.045976;-0.371270;0.323713
559;-0.120673;-0.344616;0.398554
560;-0.044156;-0.407973;0.342737
561;0.009220;-0.442224;0.225833
562;0.069365;-0.505706;0.181550
563;0.173367;-0.529861;0.151143
564;0.168820;-0.570428;0.290536
565;0.088557;-0.596866;0.207958
566;0.035751;-0.359471;0.199476
567;-0.155763;-0.521396;0.336580
568;-0.156192;-0.510877;0.383135
569;0.015028;-0.477493;0.374414
570;0.017219;-0.376650;0.347176
571;0.051239;-0.418736;0.332419
572;-0.031338;-0.513205;0.296137
573;-0.064290;-0.538546;0.260889
574;-0.037599;-0.440216;0.368260
575;-0.053991;-0.433333;0.302651
576;-0.054079;-0.480975;0.356642
577;-0.017772;-0.491831;0.321002
578;-0.038013;-0.453873;0.373388
579;-0.009499;-0.458736;0.294271
580;-0.001429;-0.458765;0.360377
581;-0.030936;-0.473592;0.319705
582;-0.003683;-0.483816;0.363912
583;0.038037;-0.489940;0.314956
584;-0.002364;-0.510250;0.341344
585;0.019442;-0.528444;0.264848
586;-0.003463;-0.462599;0.374773
587;0.061470;-0.481830;0.344314
588;0.050628;-0.486476;0.314716
589;0.041457;-0.503309;0.235146
590;0.020660;-0.491562;0.349785
591;0.046717;-0.437759;0.351442
592;0.091257;-0.476441;0.304422
593;-0.000475;-0.469222;0.345432
594;0.006977;-0.507510;0.365464
595;0.000543;-0.432491;0.438806
596;-0.038708;-0.450521;0.198005
597;-0.005350;-0.465028;0.386013
598;-0.005050;-0.445620;0.359481
599;0.007931;-0.413358;0.347019
600;0.015458;-0.411754;0.383669
601;0.015376;-0.399247;0.410440
602;0.025943;-0.504075;0.422423
603;0.004430;-0.447956;0.355141
604;0.001895;-0.528363;0.387581
605;-0.044492;-0.455188;0.377295
606;0.000909;-0.470266;0.250145
607;0.021751;-0.490546;0.303288
608;0.009147;-0.518632;0.310903
609;0.032502;-0.444996;0.339421
610;-0.018323;-0.469238;0.317253
611;0.089320;-0.405682;0.247762
612;-0.032829;-0.188323;0.182975
613;0.018211;-0.121048;0.193339
614;-0.005151;-0.110721;0.155942
615;-0.000895;-0.033699;0.052634
616;0.003819;-0.036758;0.058540
617;0.025716;-0.000193;0.049036
618;0.017290;0.028766;-0.058097
619;-0.034678;0.007797;-0.012857
620;-0.017924;0.001235;-0.111378
621;-0.014590;0.059871;-0.055381
622;-0.017084;0.080530;-0.135427
623;-0.045560;0.045877;-0.191467
624;-0.003698;0.076493;-0.134488
625;0.001195;0.104607;-0.187780
626;-0.018344;0.082046;-0.208688
627;-0.025674;0.065803;-0.186466
628;-0.028410;0.068768;-0.123529
629;0.043118;0.084745;-0.113549
630;-0.044682;0.085138;-0.160713
631;0.041120;0.099742;-0.052469
632;0.068505;0.097142;-0.056507
633;0.038907;0.107657;0.011920
634;-0.003129;0.187272;-0.074144
635;-0.067527;0.103458;0.249633
636;-0.048011;0.157269;0.079439
637;-0.067465;0.156906;0.125471
638;-0.086404;0.056552;-0.191856
639;0.009480;0.258165;-0.036731
640;0.025607;0.037339;-0.119768
641;0.040384;0.164179;0.198274
642;0.016218;0.068836;-0.215563
643;0.100234;0.123396;0.045745
644;0.109076;0.037023;-0.266748
645;-0.010097;0.165080;-0.052365
646;-0.025923;0.156155;-0.166202
647;-0.004678;0.028742;-0.053097
648;0.017319;0.084419;-0.021863
649;-0.048329;0.064524;-0.039081
650;-0.025216;0.070781;-0.085691
651;-0.036689;0.109203;-0.099068
652;0.025830;0.077150;-0.137230
653;0.017032;0.082998;-0.109460
654;0.008821;0.110572;-0.051103
655;0.015750;0.103979;-0.021979
656;0.014715;0.086441;-0.101473
657;0.018566;0.110615;-0.064867
658;0.025046;0.089905;-0.059277
659;0.016629;0.143335;0.025621
660;0.074829;0.103673;-0.071302
661;0.000959;0.109145;0.025961
662;0.065626;0.057435;-0.130651
663;0.011600;0.122210;-0.125267
664;-0.021926;0.108204;-0.048211
665;0.006526;0.107823;-0.057795
666;0.034852;0.098360;-0.100020
667;0.015355;0.072834;-0.062266
668;0.018375;0.113275;-0.068325
669;0.028007;0.123999;-0.031618
670;0.018439;0.103918;-0.041250
671;0.058008;0.131804;-0.064489
672;0.044894;0.054890;-0.145699
673;0.089615;0.095591;-0.092722
674;0.061063;0.108651;-0.087725
675;0.078271;0.102682;-0.121521
676;0.052827;0.077810;-0.056338
677;0.041487;0.083083;-0.095364
678;0.036140;0.102831;-0.065559
679;0.044952;0.061093;-0.028219