index;x;y;z
0;-0.019572;0.003204;-0.064478
1;-0.002731;0.000068;-0.005150
2;-0.005110;0.003190;-0.009023
3;-0.003342;0.002531;-0.001265
4;0.002213;0.003886;0.002430
5;0.000267;0.001722;0.003374
6;-0.000145;0.000932;0.004440
7;0.001205;0.001080;0.003519
8;-0.001945;0.000353;0.002228
9;-0.000354;0.001337;0.002070
10;-0.001107;0.002365;0.002311
11;-0.001726;0.001814;0.002968
12;-0.000128;0.002670;0.003639
13;-0.000850;0.000891;0.002276
14;0.000186;-0.000072;0.003351
15;0.000356;0.002490;0.003830
16;-0.000194;-0.000042;0.001740
17;0.000901;0.000752;0.000137
18;-0.001615;0.003386;0.001001
19;-0.001222;0.003241;0.001140
20;0.000969;0.003223;0.004382
21;0.000549;0.002070;0.005532
22;0.001170;0.001031;0.002512
23;-0.000336;0.001432;0.003219
24;-0.000626;0.000667;0.002108
25;0.000360;0.002058;0.000000
26;-0.000023;0.002079;0.000230
27;-0.001552;0.001656;0.003029
28;0.001721;0.002936;0.003228
29;0.000766;0.002169;0.005606
30;0.000935;0.002419;0.001442
31;-0.000047;0.002618;0.003014
32;0.000215;0.000849;0.003160
33;0.001579;0.000231;0.005117
34;-0.000259;0.001966;0.002380
35;0.000202;0.002854;0.003879
36;-0.000079;0.001176;0.000720
37;0.000204;0.000660;0.001969
38;-0.000037;0.000966;0.002671
39;-0.000352;0.002106;0.000925
40;-0.000304;0.000771;0.002135
41;-0.001175;0.002163;0.002651
42;0.000171;0.002836;0.002818
43;-0.000453;0.002489;0.001900
44;-0.000369;0.000559;0.003384
45;-0.000910;0.001683;-0.000580
46;-0.000262;0.001882;0.004140
47;-0.000707;0.001896;0.003460
48;0.000977;0.002531;0.003189
49;0.000681;0.002032;0.002287
50;-0.000473;0.000350;0.002594
51;-0.002243;0.001280;0.003662
52;0.000246;0.003025;0.001294
53;-0.000270;0.003709;0.002190
54;-0.000002;0.005121;0.001544
55;0.000218;0.003691;0.001531
56;0.000070;-0.000073;0.003694
57;0.000579;-0.001831;0.002720
58;0.000081;-0.001905;0.002993
59;-0.001242;0.000863;0.005242
60;-0.000640;0.003889;0.001144
61;-0.001691;0.003943;-0.000315
62;-0.000815;0.003713;0.000561
63;0.000518;0.001980;0.001396
64;-0.000039;0.000190;0.003403
65;-0.000940;-0.001485;0.005452
66;-0.000427;-0.000537;0.002972
67;-0.001325;0.001558;0.002618
68;-0.001875;0.004386;0.001740
69;0.001010;0.005110;0.000454
70;0.000442;0.004647;-0.000727
71;-0.000156;0.002569;0.002149
72;0.000242;-0.000937;0.004628
73;-0.000056;-0.000730;0.005263
74;-0.000250;-0.000371;0.002735
75;-0.000072;0.001963;0.003377
76;-0.000374;0.002906;0.002652
77;0.000539;0.003706;0.000978
78;0.000363;0.004275;0.004699
79;0.000062;0.002051;0.003644
80;0.000093;0.000296;0.002819
81;-0.001629;0.001533;0.006304
82;-0.001343;0.000629;0.002644
83;-0.001089;0.001323;0.003839
84;0.000199;0.000338;0.000564
85;-0.000631;0.002573;0.002003
86;-0.000910;0.003931;0.001377
87;0.000113;0.002375;0.002247
88;-0.000464;0.002312;0.003698
89;0.000139;0.000592;0.003283
90;-0.000061;-0.000732;0.004273
91;-0.000371;0.001228;0.004360
92;0.000654;0.001403;0.001654
93;0.000611;0.002622;0.001997
94;0.001167;0.002594;0.002997
95;0.001156;0.002293;0.001835
96;0.000437;0.001383;0.002747
97;0.000497;0.000647;0.004444
98;-0.000802;0.000474;0.003318
99;-0.000743;-0.000414;0.002825
100;0.000295;0.000967;0.003990
101;-0.001982;0.000850;0.004408
102;0.000291;0.004123;0.001916
103;0.000224;0.002806;0.002667
104;-0.000542;0.002828;0.001162
105;-0.000092;0.001898;0.004350
106;-0.000865;-0.000046;0.003994
107;-0.000852;0.000219;0.005898
108;0.000502;0.002461;0.003298
109;0.000580;0.001540;0.002075
110;0.000966;0.002885;0.000737
111;0.000597;0.003396;0.000061
112;-0.001716;0.001529;0.003809
113;0.000429;-0.000251;0.003048
114;0.000069;0.000528;0.001522
115;0.001660;0.000619;0.002417
116;0.000861;0.000554;0.002480
117;-0.001042;0.002010;0.001561
118;-0.001239;0.002851;0.002591
119;0.000018;0.001682;0.005044
120;-0.000711;-0.026616;0.017995
121;0.000814;-0.064223;0.023344
122;-0.003161;-0.161912;0.061415
123;0.002148;-0.284481;0.075999
124;-0.007452;-0.370192;0.108524
125;-0.011405;-0.411199;0.183297
126;-0.004937;-0.446787;0.233894
127;-0.006623;-0.453088;0.275854
128;-0.007381;-0.445497;0.314047
129;-0.008819;-0.444109;0.314073
130;-0.012233;-0.438269;0.340578
131;-0.012644;-0.441865;0.347660
132;-0.003930;-0.454149;0.354257
133;0.004219;-0.459276;0.353810
134;-0.020567;-0.452586;0.344318
135;-0.018437;-0.455692;0.347010
136;-0.001751;-0.475347;0.334636
137;-0.008218;-0.499186;0.319866
138;0.009908;-0.505994;0.304468
139;-0.018083;-0.508007;0.331952
140;-0.011557;-0.517987;0.317582
141;-0.005786;-0.507874;0.316328
142;0.012997;-0.491945;0.322513
143;0.008468;-0.500192;0.318161
144;-0.004793;-0.501713;0.323699
145;-0.000012;-0.489009;0.299652
146;-0.022315;-0.512623;0.316734
147;-0.034115;-0.524566;0.305876
148;-0.019124;-0.478250;0.287367
149;-0.019741;-0.489205;0.309695
150;0.009115;-0.496842;0.312961
151;-0.007489;-0.491649;0.306067
152;-0.016162;-0.476057;0.352592
153;0.004533;-0.495552;0.341960
154;-0.019378;-0.489074;0.340508
155;0.001499;-0.484799;0.327726
156;-0.003179;-0.498715;0.288830
157;0.010944;-0.531309;0.246356
158;-0.083258;-0.534547;0.323806
159;-0.008857;-0.447850;0.353862
160;-0.037508;-0.505184;0.290664
161;-0.036662;-0.488833;0.342312
162;-0.008737;-0.493671;0.341451
163;-0.003191;-0.501624;0.314703
164;-0.018235;-0.448779;0.345875
165;0.020749;-0.461958;0.373429
166;-0.003964;-0.532252;0.241069
167;0.000014;-0.491617;0.311351
168;0.008925;-0.450300;0.359117
169;0.046682;-0.430196;0.293267
170;-0.012351;-0.486862;0.238651
171;-0.036568;-0.513403;0.373854
172;-0.038018;-0.498647;0.329985
173;-0.059896;-0.482061;0.340004
174;0.025849;-0.466117;0.270115
175;0.025354;-0.484492;0.230222
176;-0.018929;-0.467539;0.347740
177;-0.030409;-0.490935;0.359556
178;-0.002628;-0.577310;0.344378
179;-0.064201;-0.489132;0.276043
180;0.085947;-0.410429;0.231807
181;-0.017175;-0.518527;0.274111
182;-0.057223;-0.544411;0.355451
183;0.022744;-0.508193;0.345889
184;-0.008941;-0.470320;0.237558
185;-0.000442;-0.448492;0.340440
186;-0.032887;-0.482645;0.230106
187;0.024666;-0.487809;0.300502
188;0.021196;-0.516253;0.273670
189;0.013521;-0.479649;0.333521
190;-0.019453;-0.489465;0.301102
191;-0.007801;-0.438758;0.246301
192;0.017874;-0.430872;0.327105
193;0.016543;-0.497505;0.352882
194;0.013550;-0.482363;0.333893
195;-0.033945;-0.496633;0.369240
196;-0.010686;-0.475756;0.334779
197;0.012322;-0.464466;0.352422
198;0.030258;-0.502328;0.237572
199;-0.008519;-0.489771;0.347351
200;-0.020891;-0.462648;0.319632
201;-0.016296;-0.438861;0.299490
202;0.025428;-0.416578;0.370434
203;-0.020057;-0.583610;0.379786
204;0.044821;-0.511863;0.361047
205;0.070619;-0.418316;0.290154
206;-0.004375;-0.488874;0.376188
207;-0.001376;-0.517833;0.339617
208;-0.003143;-0.523918;0.194905
209;0.009854;-0.409782;0.351615
210;0.011907;-0.547590;0.263197
211;0.079548;-0.459529;0.278425
212;0.021391;-0.481326;0.293184
213;0.011564;-0.495261;0.293179
214;-0.025087;-0.576613;0.285104
215;0.018712;-0.460359;0.211033
216;0.064662;-0.459921;0.243925
217;0.041255;-0.462678;0.373174
218;0.027282;-0.545243;0.378670
219;0.041589;-0.517923;0.214274
220;0.007782;-0.492383;0.298229
221;0.012906;-0.458372;0.327246
222;0.036001;-0.428950;0.231951
223;0.065391;-0.515100;0.228461
224;0.001616;-0.544282;0.227178
225;0.018868;-0.338674;0.248711
226;0.050402;-0.446624;0.257108
227;0.049692;-0.412910;0.290361
228;0.001269;-0.387703;0.237107
229;0.011708;-0.425853;0.289300
230;-0.004414;-0.404660;0.280104
231;0.005901;-0.444584;0.238827
232;-0.011458;-0.390790;0.225022
233;0.007420;-0.314865;0.251360
234;-0.038437;-0.234883;0.151679
235;-0.052599;-0.112107;0.123128
236;0.011326;-0.106085;0.028347
237;0.007957;-0.036923;0.082945
238;-0.005863;-0.065501;0.006264
239;0.006437;-0.016486;0.027960
240;-0.023856;0.015371;-0.078337
241;0.056135;0.014877;-0.063251
242;-0.050293;0.043297;-0.023578
243;-0.017332;0.057646;-0.105662
244;-0.015891;0.107919;-0.080838
245;-0.012414;0.082803;-0.142550
246;-0.028951;0.127359;-0.094243
247;0.003682;0.097401;-0.157220
248;-0.002656;0.139116;-0.117649
249;-0.041273;0.143824;-0.075638
250;0.022187;0.155510;-0.029637
251;0.071492;0.119230;-0.108726
252;0.131362;0.182228;-0.125523
253;0.027063;0.181035;-0.066400
254;-0.007795;0.177475;-0.060898
255;-0.010458;0.180090;-0.057309
256;-0.032101;0.154478;-0.124005
257;0.081745;0.182769;-0.157986
258;-0.127094;0.227136;0.005322
259;0.132459;0.158397;-0.031098
260;-0.067449;0.173799;-0.068714
261;0.038161;0.075525;-0.068392
262;0.004270;0.226095;-0.115604
263;0.028052;0.066631;-0.095445
264;-0.026089;0.042466;0.020300
265;-0.052571;0.147460;-0.135616
266;0.054443;0.073413;-0.199223
267;-0.021949;0.109536;-0.039817
268;0.041165;0.111596;-0.052980
269;0.041325;0.120917;-0.023991
270;-0.015790;0.080519;-0.132553
271;-0.007329;0.062912;-0.092263
272;0.015514;0.120180;-0.065359
273;0.010613;0.124891;-0.052963
274;0.017082;0.123843;-0.040172
275;0.057975;0.098605;-0.014840
276;-0.042786;0.110700;-0.021917
277;-0.017403;0.112949;-0.061688
278;0.032353;0.127781;-0.056252
279;0.010007;0.096059;-0.046575
280;0.003194;0.102113;-0.060791
281;0.020410;0.102921;-0.024285
282;-0.017133;0.081483;-0.036564
283;-0.000773;0.081870;-0.065542
284;0.001415;0.067532;-0.035054
285;0.011237;0.077521;-0.025627
286;-0.016602;0.067900;0.003700
287;-0.019901;-0.006161;-0.218042
288;-0.039782;0.085555;0.039005
289;-0.034436;0.033292;-0.090519
290;-0.016257;0.089951;-0.004193
291;-0.061719;0.044186;-0.050781
292;0.070595;0.087649;-0.057682
293;0.074495;0.111269;0.031358
294;0.012633;0.052576;0.053897
295;0.048177;0.067443;0.162802