index;x;y;z
0;0.000639;0.002394;0.006968
1;0.001070;0.001297;0.006090
2;0.000864;0.000390;0.003528
3;0.000942;0.001610;0.003483
4;0.000766;0.002055;0.004109
5;0.001682;-0.000404;0.002831
6;0.001431;0.002107;0.004321
7;0.000545;0.002430;0.004250
8;0.000792;0.001151;0.003488
9;0.000823;-0.000206;0.004965
10;-0.000562;-0.000092;0.003329
11;-0.000652;0.000143;0.003708
12;-0.000293;0.000422;0.004266
13;0.001146;0.000520;0.003096
14;0.002222;0.001112;0.004570
15;0.000271;0.000946;0.003651
16;0.001141;0.001056;0.004104
17;0.000014;0.002564;0.003141
18;-0.000492;0.001061;0.004579
19;0.000166;0.000569;0.003328
20;0.000033;0.000272;0.003651
21;0.000554;0.000735;0.003791
22;0.001370;0.001271;0.004021
23;0.001532;0.001427;0.003593
24;-0.000219;0.000271;0.003750
25;-0.000261;0.001112;0.005006
26;0.002003;0.001451;0.003737
27;-0.000322;0.000105;0.004695
28;-0.000395;0.000872;0.004717
29;0.000345;0.001244;0.003153
30;0.001149;0.001878;0.002751
31;-0.000303;-0.000675;0.003773
32;0.000642;0.001659;0.002416
33;0.000750;0.000863;0.003240
34;-0.000372;0.000525;0.004165
35;-0.000167;0.001462;0.004466
36;-0.000277;0.001094;0.003408
37;0.000454;-0.000798;0.002689
38;0.000023;0.001301;0.003742
39;-0.000257;0.001097;0.005632
40;-0.000210;0.001305;0.004626
41;0.000099;0.000357;0.002628
42;0.001721;0.002503;0.003605
43;0.001588;0.000429;0.003677
44;0.001615;-0.000166;0.003507
45;0.000097;0.001424;0.005018
46;0.000560;-0.000478;0.003712
47;0.000524;0.000875;0.003534
48;0.000608;0.000641;0.004969
49;0.000908;0.001606;0.003608
50;0.000236;0.001442;0.003317
51;0.001413;0.000219;0.003927
52;0.001302;0.000697;0.004537
53;0.000533;-0.000197;0.004416
54;0.002157;0.000975;0.002588
55;0.001157;0.001493;0.003502
56;0.000334;0.001537;0.003320
57;0.000004;-0.000080;0.003367
58;0.000531;0.000666;0.004056
59;0.001026;0.001712;0.003828
60;0.000602;-0.000040;0.003732
61;0.000303;0.001077;0.003247
62;0.001017;0.000138;0.003828
63;0.000258;0.000161;0.003916
64;-0.000876;0.001242;0.004408
65;0.000668;0.000644;0.003704
66;0.000766;0.000404;0.003558
67;0.001125;-0.000013;0.004194
68;0.000080;0.000483;0.004052
69;0.000237;-0.000258;0.003429
70;0.001808;0.000521;0.004264
71;0.000205;0.000804;0.004423
72;0.001877;0.002052;0.005060
73;0.000370;0.002333;0.003894
74;0.000610;0.001068;0.003095
75;0.001145;0.000474;0.004941
76;0.001261;0.000969;0.005175
77;0.000689;0.002289;0.005436
78;-0.001175;0.001027;0.004429
79;-0.000573;0.001363;0.004000
80;0.000856;0.002676;0.006233
81;0.002033;0.002258;0.006156
82;0.003980;0.003315;0.008073
83;0.004325;0.004831;0.010475
84;0.005290;0.006791;0.014315
85;0.007376;0.009621;0.016535
86;0.015449;0.016032;0.029780
87;0.018271;0.023128;0.042296
88;0.013543;0.017280;0.031766
89;0.002696;0.002499;0.014764
90;-0.018371;-0.029078;-0.026846
91;-0.033088;-0.046535;-0.055807
92;-0.044351;-0.050119;-0.070491
93;-0.039875;-0.039171;-0.070927
94;-0.027400;-0.019032;-0.056443
95;-0.011405;0.003554;-0.035665
96;0.024462;0.027912;0.003061
97;0.040933;0.037432;0.027707
98;0.040630;0.038074;0.045199
99;0.028228;0.026308;0.048269
100;0.008828;0.004231;0.047771
101;0.000504;-0.008174;0.045856
102;-0.011706;-0.013191;0.038637
103;-0.013540;-0.011638;0.025673
104;-0.004569;0.007696;0.027295
105;0.010096;0.029949;0.040443
106;0.028861;0.050428;0.053824
107;0.026320;0.039757;0.039738
108;0.009259;0.002440;0.001866
109;-0.008215;-0.027278;-0.031857
110;-0.034459;-0.060524;-0.072201
111;-0.047398;-0.073737;-0.090855
112;-0.042018;-0.057234;-0.090606
113;-0.027751;-0.030774;-0.070043
114;-0.011192;0.011212;-0.035781
115;0.015485;0.034417;-0.000873
116;0.033186;0.056566;0.039373
117;0.035613;0.052013;0.053343
118;0.024844;0.028735;0.056431
119;0.014371;0.001129;0.052223
120;0.000279;-0.018283;0.047716
121;-0.008317;-0.026902;0.040613
122;-0.007580;-0.017921;0.029098
123;-0.000273;0.005810;0.032065
124;0.016288;0.043938;0.051399
125;0.024493;0.061147;0.057541
126;0.018371;0.043693;0.032032
127;0.004663;0.009450;-0.001270
128;-0.023669;-0.044280;-0.060303
129;-0.040449;-0.075450;-0.091785
130;-0.044042;-0.082379;-0.105169
131;-0.033158;-0.058877;-0.088290
132;-0.024084;-0.023684;-0.064903
133;-0.000601;0.009872;-0.034604
134;0.024037;0.051186;0.018306
135;0.034074;0.064960;0.047840
136;0.029160;0.055417;0.062856
137;0.015714;0.032478;0.061267
138;0.006177;-0.004141;0.055190
139;0.005821;-0.022353;0.053035
140;-0.000092;-0.024884;0.040291
141;0.007257;-0.015424;0.041015
142;0.015819;0.021556;0.054491
143;0.017361;0.039703;0.049584
144;0.009441;0.040757;0.030412
145;-0.003855;0.022124;-0.001392
146;-0.028187;-0.022144;-0.053604
147;-0.037596;-0.052388;-0.086329
148;-0.043050;-0.075874;-0.114341
149;-0.029615;-0.068526;-0.107405
150;-0.016962;-0.033951;-0.071326
151;0.005820;-0.001368;-0.032924
152;0.021883;0.043672;0.020221
153;0.029668;0.061669;0.047200
154;0.031414;0.058421;0.068211
155;0.019758;0.038987;0.069478
156;0.004846;0.006237;0.061787
157;-0.001584;-0.011640;0.054720
158;-0.003143;-0.027964;0.036405
159;0.010285;-0.013806;0.043526
160;0.027051;0.024755;0.066674
161;0.023300;0.036115;0.052538
162;0.008310;0.031218;0.021928
163;-0.005978;0.013207;-0.008535
164;-0.032496;-0.028308;-0.063450
165;-0.043787;-0.052373;-0.093458
166;-0.045039;-0.066391;-0.113250
167;-0.032289;-0.057589;-0.101760
168;-0.008515;-0.023408;-0.067649
169;0.014304;0.005230;-0.027490
170;0.029770;0.042304;0.023272
171;0.037078;0.055080;0.049942
172;0.024245;0.047353;0.064043
173;0.013950;0.031103;0.065053
174;0.004944;0.006435;0.064319
175;-0.001369;-0.009295;0.057078
176;-0.006813;-0.016263;0.036570
177;0.003748;-0.011444;0.037481
178;0.022169;0.019204;0.052450
179;0.026477;0.035961;0.052821
180;0.013632;0.035538;0.028839
181;0.001057;0.017966;0.000634
182;-0.023130;-0.024244;-0.050982
183;-0.042632;-0.057455;-0.089058
184;-0.050608;-0.076172;-0.114695
185;-0.036609;-0.062521;-0.106608
186;-0.024959;-0.028349;-0.069234
187;0.002661;0.000098;-0.035040
188;0.028984;0.041893;0.018292
189;0.036976;0.060800;0.045973
190;0.033212;0.056334;0.067884
191;0.019845;0.032785;0.066300
192;0.003277;0.003633;0.062409
193;-0.001678;-0.011070;0.057747
194;-0.006459;-0.023749;0.037785
195;0.001812;-0.016667;0.033407
196;0.010802;0.014681;0.046591
197;0.022525;0.038551;0.053570
198;0.018820;0.045527;0.041046
199;0.012016;0.033536;0.021384
200;-0.005888;-0.003622;-0.023306
201;-0.023801;-0.036176;-0.057800
202;-0.050486;-0.076173;-0.104366
203;-0.055344;-0.089148;-0.126781
204;-0.040254;-0.061483;-0.100485
205;-0.013036;-0.025741;-0.070347
206;0.011060;0.027687;-0.012276
207;0.027208;0.059102;0.028917
208;0.041708;0.072414;0.061555
209;0.038726;0.061204;0.072548
210;0.020037;0.023830;0.069466
211;0.006841;-0.002862;0.061875
212;-0.009362;-0.029866;0.045797
213;-0.013486;-0.035397;0.026153
214;-0.003208;-0.008358;0.039301
215;0.023994;0.032531;0.070661
216;0.027488;0.053822;0.067126
217;0.011879;0.046485;0.034882
218;-0.002501;0.009332;-0.016438
219;-0.023761;-0.031238;-0.059440
220;-0.048216;-0.073367;-0.106610
221;-0.050330;-0.085196;-0.122066
222;-0.040621;-0.061460;-0.100236
223;-0.021652;-0.030059;-0.069182
224;0.016999;0.019778;-0.014963
225;0.031391;0.052227;0.027716
226;0.036722;0.068764;0.057442
227;0.028327;0.059272;0.066327
228;0.012982;0.025606;0.065170
229;0.006457;0.000824;0.061603
230;-0.003107;-0.022846;0.050843
231;-0.007185;-0.027239;0.036040
232;0.004667;-0.006974;0.041926
233;0.016815;0.018692;0.053851
234;0.018385;0.036122;0.045309
235;0.010894;0.035048;0.025786
236;-0.008126;0.010130;-0.015997
237;-0.025875;-0.019493;-0.053842
238;-0.042217;-0.055162;-0.091748
239;-0.043982;-0.070467;-0.107309
240;-0.033233;-0.055488;-0.085783
241;-0.018283;-0.028741;-0.061485
242;0.012088;0.012718;-0.018406
243;0.022499;0.039289;0.020871
244;0.032661;0.057310;0.052324
245;0.030327;0.054237;0.066516
246;0.017558;0.031916;0.070008
247;0.010519;0.016515;0.072066
248;0.009202;-0.000867;0.071073
249;0.009465;-0.001423;0.058612
250;0.008912;-0.008266;0.039746
251;0.005868;-0.007662;0.026035
252;-0.002583;-0.003279;0.004416
253;-0.020044;-0.003524;-0.022377
254;-0.037343;-0.009809;-0.052161
255;-0.042270;-0.026698;-0.083214
256;-0.042889;-0.042976;-0.104979
257;-0.024193;-0.040783;-0.085041
258;-0.001646;-0.019249;-0.050180
259;0.009495;0.001368;-0.022571
260;0.031439;0.025483;0.017484
261;0.042919;0.036122;0.042705
262;0.032714;0.035003;0.061155
263;0.017182;0.031931;0.071140
264;0.000455;0.021176;0.070190
265;-0.007990;0.012188;0.062317
266;-0.002230;0.008172;0.056205
267;0.012698;0.010452;0.061272
268;0.021446;0.016172;0.056065
269;0.012842;0.008376;0.031365
270;-0.000910;-0.003566;-0.000414
271;-0.016773;-0.018686;-0.031844
272;-0.044375;-0.052621;-0.090060
273;-0.053772;-0.069672;-0.123568
274;-0.044725;-0.059688;-0.124910
275;-0.029954;-0.034914;-0.088759
276;-0.000564;0.014607;-0.032261
277;0.028231;0.043975;0.008471
278;0.053206;0.058059;0.046158
279;0.053245;0.048633;0.063309
280;0.032917;0.025335;0.071850
281;0.011870;0.008921;0.069668
282;-0.011988;-0.011271;0.055701
283;-0.021815;-0.021455;0.039928
284;-0.012020;-0.016733;0.026691
285;0.002167;0.014121;0.048864
286;0.021342;0.054532;0.074285
287;0.021158;0.054122;0.056963
288;0.010913;0.014626;0.000696
289;0.000742;-0.024141;-0.042851
290;-0.021577;-0.061094;-0.083228
291;-0.041748;-0.072856;-0.102395
292;-0.052754;-0.058340;-0.103887
293;-0.039613;-0.037106;-0.085995
294;-0.005039;0.007284;-0.036681
295;0.022786;0.039811;0.005805
296;0.032859;0.057961;0.045071
297;0.026773;0.054292;0.057562
298;0.016697;0.026434;0.056459
299;0.016285;0.004949;0.055865
300;0.011931;-0.015721;0.054522
301;-0.000801;-0.024930;0.042914
302;-0.004081;-0.014250;0.032723
303;0.002352;0.011502;0.040208
304;0.017431;0.046838;0.060257
305;0.024240;0.055553;0.057252
306;0.015308;0.032992;0.023808
307;-0.003710;0.000625;-0.012718
308;-0.035264;-0.049027;-0.068561
309;-0.053451;-0.079906;-0.106815
310;-0.045814;-0.084816;-0.117586
311;-0.034040;-0.058817;-0.093719
312;-0.006271;-0.014924;-0.057892
313;0.006982;0.024634;-0.020381
314;0.026782;0.063275;0.030665
315;0.038292;0.072329;0.056659
316;0.034513;0.051890;0.069846
317;0.021381;0.021785;0.063716
318;0.004053;-0.009621;0.057746
319;-0.007317;-0.024797;0.048476
320;-0.013957;-0.027662;0.030545
321;-0.003060;-0.016810;0.027389
322;0.016357;0.025206;0.050467
323;0.028069;0.051752;0.063705
324;0.014860;0.056845;0.047013
325;0.002215;0.034954;0.015304
326;-0.013577;-0.017950;-0.039640
327;-0.033062;-0.060785;-0.080040
328;-0.049231;-0.090479;-0.114641
329;-0.046590;-0.080686;-0.112464
330;-0.025424;-0.045468;-0.087755
331;-0.011000;-0.006890;-0.046609
332;0.025694;0.041759;0.004287
333;0.038212;0.066359;0.039127
334;0.031737;0.069829;0.066350
335;0.022326;0.050091;0.066463
336;0.010079;0.011883;0.062210
337;0.004819;-0.011854;0.059304
338;-0.002346;-0.031250;0.044207
339;-0.002818;-0.024869;0.034218
340;0.008720;0.002236;0.039732
341;0.016865;0.029244;0.053452
342;0.017931;0.048949;0.049624
343;0.008897;0.042155;0.028285
344;-0.004694;0.012541;-0.011335
345;-0.020417;-0.021306;-0.047678
346;-0.045996;-0.068269;-0.097330
347;-0.051896;-0.086653;-0.115402
348;-0.035846;-0.071195;-0.105372
349;-0.021764;-0.041517;-0.075254
350;0.008877;0.007898;-0.028219
351;0.021905;0.047991;0.009977
352;0.032283;0.072207;0.052617
353;0.036691;0.071469;0.072083
354;0.024874;0.038158;0.074500
355;0.014223;0.011886;0.068296
356;0.006173;-0.010801;0.065167
357;0.003553;-0.018268;0.058476
358;0.008883;-0.008503;0.054280
359;0.014200;0.006554;0.051977
360;0.007561;0.015241;0.030385
361;-0.008080;0.015606;0.006548
362;-0.027099;0.004973;-0.028181
363;-0.041466;-0.024558;-0.070517
364;-0.046192;-0.053290;-0.106905
365;-0.037677;-0.063420;-0.116829
366;-0.026321;-0.049530;-0.089052
367;-0.002377;-0.011749;-0.041137
368;0.022072;0.016010;-0.005690
369;0.038526;0.046796;0.036247
370;0.041926;0.055865;0.057481
371;0.030715;0.044765;0.068937
372;0.014799;0.033171;0.077210
373;-0.002388;0.013506;0.072749
374;-0.006890;0.002360;0.067949
375;0.012868;0.006218;0.066740
376;0.025201;0.010852;0.063096
377;0.010348;0.004343;0.034807
378;-0.004948;-0.010195;-0.000345
379;-0.027490;-0.026270;-0.044093
380;-0.040518;-0.035097;-0.075415
381;-0.049877;-0.049651;-0.109899
382;-0.044340;-0.044506;-0.109618
383;-0.024659;-0.022330;-0.077318
384;-0.006874;0.003588;-0.042543
385;0.030840;0.030756;0.003001
386;0.046996;0.042320;0.032889
387;0.046190;0.034359;0.051077
388;0.032877;0.025300;0.057836
389;0.010105;0.014600;0.068876
390;-0.004367;0.010361;0.070319
391;-0.006224;0.010827;0.071436
392;0.004241;0.019216;0.072402
393;0.012977;0.021388;0.059336
394;0.005699;0.013239;0.038355
395;-0.003946;-0.004884;0.003548
396;-0.015261;-0.021369;-0.028300
397;-0.034625;-0.045379;-0.077722
398;-0.046455;-0.061229;-0.108727
399;-0.048214;-0.061673;-0.121498
400;-0.036515;-0.030421;-0.085625
401;-0.011292;0.011847;-0.039214
402;0.015416;0.035454;-0.003663
403;0.043826;0.050529;0.033774
404;0.048877;0.046252;0.052485
405;0.037847;0.033082;0.060910
406;0.018155;0.013454;0.064642
407;-0.002399;-0.001777;0.061829
408;-0.011740;-0.008081;0.057170
409;-0.000017;0.006077;0.061297
410;0.008671;0.023504;0.065988
411;0.010332;0.032106;0.053621
412;0.009445;0.024779;0.032505
413;-0.006917;-0.003819;-0.013909
414;-0.025196;-0.036011;-0.058879
415;-0.044841;-0.069296;-0.108909
416;-0.051314;-0.076051;-0.126624
417;-0.038414;-0.045597;-0.098866
418;-0.020222;-0.013555;-0.065252
419;0.014533;0.031525;-0.011372
420;0.033091;0.052697;0.025917
421;0.049579;0.059844;0.056144
422;0.040514;0.048010;0.065960
423;0.022298;0.023844;0.072816
424;0.016875;0.015397;0.085522
425;0.015687;0.015774;0.100099
426;0.017228;0.012875;0.084013
427;-0.000572;-0.011014;0.038143
428;-0.022361;-0.028514;-0.006585
429;-0.053305;-0.047563;-0.057589
430;-0.061246;-0.050073;-0.084134
431;-0.063112;-0.039197;-0.099962
432;-0.033165;-0.020166;-0.087901
433;0.002442;0.009598;-0.049195
434;0.029112;0.029741;-0.015469
435;0.049733;0.045995;0.023262
436;0.050832;0.043871;0.043626
437;0.051996;0.034373;0.062779
438;0.051433;0.036354;0.086385
439;0.025450;0.027137;0.090916
440;-0.003056;0.010863;0.068429
441;-0.031305;-0.011946;0.036248
442;-0.041603;-0.030272;0.003482
443;-0.060074;-0.054379;-0.045519
444;-0.065888;-0.060042;-0.072508
445;-0.061271;-0.056881;-0.099290
446;-0.035664;-0.036636;-0.091008
447;0.005426;0.006140;-0.049743
448;0.029672;0.033040;-0.016542
449;0.056750;0.054551;0.021318
450;0.063501;0.055488;0.039229
451;0.048574;0.038824;0.050084
452;0.033156;0.026223;0.055062
453;0.014974;0.017339;0.073124
454;0.003807;0.016318;0.082261
455;-0.008420;0.010424;0.069853
456;-0.013723;0.001516;0.051266
457;-0.025776;-0.018778;0.015595
458;-0.038904;-0.038954;-0.025310
459;-0.054718;-0.056496;-0.074216
460;-0.059702;-0.063658;-0.103360
461;-0.036160;-0.046524;-0.106358
462;-0.004708;-0.016214;-0.074561
463;0.019863;0.028523;-0.022374
464;0.042712;0.049158;0.009877
465;0.051437;0.058865;0.036713
466;0.046296;0.043774;0.040759
467;0.032753;0.023620;0.050606
468;0.013711;0.006919;0.052677
469;-0.019796;-0.013676;0.037631
470;-0.034839;-0.026564;0.025172
471;-0.035104;-0.024725;0.009821
472;-0.021144;-0.011281;0.010616
473;-0.005714;0.010898;0.017610
474;0.001251;0.019324;0.013529
475;0.005857;0.018230;0.000458
476;0.015318;0.015296;-0.004391
477;0.024196;0.007595;-0.003415
478;0.019882;-0.000467;-0.005661
479;-0.005789;-0.015223;-0.016914
480;-0.018356;-0.017501;-0.017190
481;-0.014421;-0.005727;-0.002147
482;-0.005786;0.002564;0.007454
483;0.001250;0.011510;0.015096
484;0.001620;0.019732;0.023961
485;0.017614;0.040491;0.052324
486;0.026485;0.046206;0.065102
487;0.039691;0.042985;0.073862
488;0.041336;0.028212;0.062234
489;0.004554;-0.019831;0.004694
490;-0.024251;-0.053008;-0.043549
491;-0.068130;-0.095676;-0.103799
492;-0.101237;-0.114563;-0.153561
493;-0.096327;-0.082867;-0.142705
494;-0.039014;-0.025081;-0.089501
495;0.007821;0.050445;-0.012227
496;0.044736;0.085616;0.034143
497;0.078587;0.098634;0.075427
498;0.087875;0.079129;0.089180
499;0.069669;0.029829;0.082759
500;0.036864;-0.005527;0.066108
501;-0.017733;-0.036755;0.037874
502;-0.047946;-0.045549;0.018884
503;-0.055703;-0.033601;0.007511
504;-0.043710;-0.018214;0.003829
505;-0.022839;0.018449;0.008694
506;-0.011254;0.030785;0.005220
507;0.002964;0.032353;-0.005288
508;0.018894;0.024283;-0.006523
509;0.032963;0.001388;-0.009417
510;0.034190;-0.015685;-0.013429
511;0.010723;-0.029902;-0.022684
512;-0.007035;-0.026163;-0.022844
513;-0.013165;-0.004179;-0.003941
514;-0.011742;0.009104;0.008844
515;-0.011730;0.022198;0.016012
516;-0.015138;0.024599;0.016215
517;-0.008933;0.019995;0.019569
518;0.004611;0.008507;0.021285
519;0.015490;-0.010357;0.006824
520;0.014723;-0.019298;-0.005225
521;0.003686;-0.019297;-0.009050
522;-0.002258;-0.007338;-0.002427
523;-0.010770;0.011973;0.010288
524;-0.013735;0.018422;0.011198
525;-0.008198;0.017408;0.005913
526;-0.000911;0.011244;0.003581
527;0.007467;0.003344;0.001591
528;0.007219;-0.003596;0.001673
529;0.002780;-0.011955;0.000357
530;0.002294;-0.012416;0.000210
531;-0.002139;-0.005833;0.004039
532;-0.003973;0.001654;0.007774
533;-0.009972;0.009496;0.006728
534;-0.009456;0.012955;0.003691
535;0.002229;0.011251;0.005319
536;0.009723;0.007552;0.005244
537;0.010078;-0.001162;0.001188
538;0.000583;-0.007103;-0.000816
539;-0.005902;-0.007805;0.001001
540;-0.005376;-0.003736;0.004573
541;-0.004756;0.004142;0.007638
542;-0.002704;0.009015;0.007611
543;-0.000904;0.009442;0.004400
544;0.001245;0.009257;0.003934
545;0.006073;0.003515;0.003007
546;0.004168;-0.000383;0.000455
547;0.000348;-0.004159;0.001500
548;-0.004241;-0.003918;0.002362
549;-0.006838;-0.001475;0.005352
550;-0.005359;0.002966;0.004400
551;0.000394;0.006296;0.005828
552;0.004532;0.008840;0.005301
553;0.004831;0.007705;0.004826
554;0.003318;0.005826;0.004562
555;-0.000713;0.000278;0.003212
556;-0.002077;-0.001578;0.002751
557;-0.002599;-0.001539;0.003954
558;-0.003067;0.001710;0.005938
559;0.000473;0.012465;0.018217
560;0.007582;0.024809;0.034751
561;0.025604;0.042126;0.063784
562;0.036602;0.046795;0.074307
563;0.037451;0.032160;0.059997
564;0.014701;-0.001879;0.020294
565;-0.042059;-0.067965;-0.063654
566;-0.075139;-0.106036;-0.123038
567;-0.086304;-0.111633;-0.155756
568;-0.073089;-0.072075;-0.126702
569;-0.032529;0.001884;-0.060428
570;0.002757;0.055943;-0.010678
571;0.049907;0.094574;0.046787
572;0.080989;0.093689;0.075705
573;0.076987;0.060544;0.084580
574;0.050426;0.024054;0.076607
575;0.008711;-0.020601;0.054705
576;-0.019421;-0.042219;0.034941
577;-0.035796;-0.045425;0.015450
578;-0.037486;-0.031816;0.008248
579;-0.034530;-0.001691;0.008063
580;-0.024238;0.024009;0.010680
581;-0.012747;0.038132;0.007084
582;0.008215;0.036061;-0.004079
583;0.029544;0.017056;-0.007131
584;0.030028;-0.001525;-0.013032
585;0.014495;-0.022823;-0.023007
586;-0.003382;-0.033502;-0.024676
587;-0.010035;-0.022829;-0.015605
588;-0.003281;-0.007509;-0.002687
589;-0.005129;0.013592;0.012934
590;-0.013767;0.025427;0.016725
591;-0.019064;0.029213;0.019732
592;-0.007840;0.023681;0.024946
593;0.007407;0.010802;0.020747
594;0.018212;-0.012850;0.001242
595;0.009285;-0.025718;-0.010385
596;-0.000578;-0.019928;-0.010844
597;-0.008702;-0.001943;0.003936
598;-0.009059;0.010418;0.011841
599;-0.006857;0.019085;0.008005
600;-0.005684;0.017138;0.002989
601;0.000440;0.012616;0.006537
602;0.001997;0.005929;0.005320
603;0.004237;-0.006204;-0.000895
604;0.005625;-0.012854;-0.001706
605;0.003937;-0.012410;0.002681
606;-0.002338;-0.006305;0.004104
607;-0.010189;0.005246;0.006436
608;-0.010395;0.011628;0.007520
609;-0.002711;0.016152;0.007024
610;0.007599;0.013469;0.006465
611;0.010301;0.004040;0.001679
612;0.003453;-0.003875;-0.001167
613;-0.004539;-0.008112;-0.002026
614;-0.005558;-0.007541;0.001988
615;-0.001961;-0.003276;0.006832
616;-0.002002;0.002721;0.007521
617;-0.003310;0.009439;0.009191
618;0.000344;0.011434;0.006356
619;0.004476;0.013631;0.010113
620;0.008578;0.015821;0.018956
621;0.019906;0.029920;0.043762
622;0.030933;0.046354;0.075842
623;0.030441;0.042702;0.077112
624;0.016646;0.010328;0.039196
625;-0.018901;-0.054307;-0.042554
626;-0.055164;-0.100704;-0.107778
627;-0.077015;-0.112408;-0.143046
628;-0.078381;-0.076670;-0.134223
629;-0.050832;-0.009912;-0.078896
630;-0.012758;0.035908;-0.029738
631;0.044790;0.082004;0.033251
632;0.068930;0.091871;0.063894
633;0.073812;0.068871;0.083197
634;0.049824;0.034198;0.073362
635;0.021362;-0.010080;0.054800
636;-0.003785;-0.033230;0.041050
637;-0.031929;-0.040924;0.021687
638;-0.036307;-0.035213;0.011466
639;-0.036726;-0.009896;0.007617
640;-0.029345;0.018956;0.010011
641;-0.008808;0.037063;0.006528
642;0.006280;0.035198;-0.000417
643;0.021084;0.020696;-0.004737
644;0.026160;0.003704;-0.010310
645;0.016963;-0.016739;-0.017184
646;0.001981;-0.029852;-0.026415
647;-0.006861;-0.027874;-0.021298
648;-0.005245;-0.009091;-0.005988
649;-0.005712;0.011488;0.009944
650;-0.011668;0.021702;0.014983
651;-0.015990;0.027501;0.020592
652;-0.008041;0.024595;0.022697
653;0.009426;0.008394;0.017851
654;0.016594;-0.008846;0.004580
655;0.007945;-0.024406;-0.009740
656;-0.001384;-0.018019;-0.009186
657;-0.006310;-0.003029;0.001837
658;-0.005878;0.009754;0.009556
659;-0.007777;0.017115;0.008179
660;-0.007613;0.018064;0.004242
661;-0.001126;0.013545;0.003304
662;0.003372;0.009142;0.002746
663;0.006923;0.000444;0.004395
664;0.005389;-0.009882;0.001588
665;0.001623;-0.012814;0.000994
666;-0.003280;-0.007148;0.003422
667;-0.008060;0.003239;0.005530
668;-0.010584;0.009400;0.008014
669;-0.003916;0.013881;0.005437
670;0.004360;0.013584;0.006571
671;0.008703;0.006208;0.003412
672;0.004021;-0.000416;-0.000933
673;-0.003520;-0.006067;-0.003188
674;-0.005282;-0.006363;0.002902
675;-0.001266;-0.001618;0.008129
676;-0.002584;0.003000;0.008356
677;-0.003515;0.007657;0.007021
678;-0.000164;0.010106;0.006263
679;0.005844;0.015679;0.013251
680;0.011418;0.030070;0.033392
681;0.035802;0.057672;0.083623
682;0.045256;0.060751;0.096852
683;0.026331;0.021219;0.052489
684;0.004022;-0.031771;-0.008390
685;-0.055159;-0.105050;-0.105540
686;-0.083951;-0.122907;-0.141549
687;-0.085971;-0.085277;-0.133361
688;-0.070583;-0.042041;-0.105829
689;-0.017720;0.031749;-0.033970
690;0.026737;0.071736;0.009494
691;0.063975;0.098052;0.060110
692;0.072617;0.089210;0.081777
693;0.058125;0.039499;0.070754
694;0.038107;-0.002953;0.057388
695;0.005412;-0.036357;0.041562
696;-0.020350;-0.049679;0.024366
697;-0.040786;-0.039603;0.012158
698;-0.041970;-0.016624;0.008688
699;-0.035795;0.016690;0.005777
700;-0.014051;0.036784;0.008774
701;0.004505;0.041617;0.003815
702;0.013982;0.029080;-0.001341
703;0.023452;0.007475;-0.008646
704;0.023419;-0.012377;-0.013847
705;0.010060;-0.031335;-0.025524
706;-0.003807;-0.034661;-0.027873
707;-0.004377;-0.014992;-0.008567
708;-0.006853;0.006286;0.005776
709;-0.010875;0.019907;0.014063
710;-0.015910;0.028289;0.018227
711;-0.012569;0.028056;0.022588
712;0.001513;0.020981;0.021323
713;0.013430;-0.000396;0.009026
714;0.012364;-0.018239;-0.004634
715;0.007113;-0.024130;-0.011251
716;-0.000240;-0.015106;-0.006072
717;-0.005538;0.003454;0.005652
718;-0.006885;0.014780;0.010959
719;-0.009874;0.020025;0.009472
720;-0.006134;0.018318;0.003845
721;0.002289;0.010526;0.003185
722;0.004704;0.002719;0.003667
723;0.004322;-0.007487;0.000353
724;0.006432;-0.013143;-0.002661
725;0.000972;-0.009179;0.001451
726;-0.006369;-0.003219;0.004587
727;-0.009603;0.006278;0.006996
728;-0.009857;0.013699;0.006254
729;-0.000309;0.017384;0.006663
730;0.007313;0.013283;0.004624
731;0.006076;0.003041;0.001000
732;0.002821;-0.003748;-0.002298
733;-0.001997;-0.008594;-0.000329
734;-0.003828;-0.007615;0.003933
735;-0.003696;-0.001267;0.006864
736;-0.004888;0.005138;0.007519
737;-0.003536;0.009690;0.005644
738;-0.003089;0.011003;0.012594
739;0.009019;0.010688;0.022339