index;x;y;z
0;-0.002000;0.001184;0.004625
1;-0.002196;0.000508;0.003879
2;-0.001073;0.001908;0.004055
3;-0.001996;0.001846;0.003691
4;-0.001747;0.002110;0.005429
5;-0.000823;0.002428;0.005305
6;-0.002676;0.002781;0.003215
7;-0.001236;0.001364;0.003477
8;-0.001322;0.001975;0.004441
9;-0.002236;0.001280;0.004645
10;-0.001549;0.003308;0.002713
11;-0.001691;0.003027;0.003035
12;0.000027;0.002350;0.003160
13;-0.001359;0.001873;0.003790
14;-0.001516;0.001374;0.003788
15;0.000039;0.002782;0.005839
16;-0.001023;0.000611;0.004508
17;-0.000971;0.001938;0.003042
18;-0.001603;0.001024;0.004137
19;-0.000677;0.001396;0.003521
20;-0.001889;0.001728;0.003264
21;-0.001347;0.001588;0.004317
22;-0.000865;0.001224;0.005688
23;-0.000653;0.000992;0.002713
24;-0.000761;0.001116;0.004055
25;-0.001509;0.002262;0.002986
26;-0.001457;0.001194;0.004274
27;-0.001145;0.002472;0.004760
28;-0.002247;0.001601;0.003877
29;-0.002475;0.001054;0.003880
30;-0.001456;0.002027;0.004434
31;-0.000131;0.001813;0.003712
32;-0.002389;0.001289;0.004413
33;-0.002017;0.000079;0.003709
34;-0.000910;0.003167;0.003296
35;-0.001101;0.001562;0.005857
36;-0.001870;0.003212;0.003572
37;-0.000695;0.000680;0.004625
38;-0.001225;0.003166;0.004120
39;-0.001840;0.000422;0.005212
40;-0.002282;0.000065;0.003393
41;-0.001772;0.002227;0.003015
42;-0.000491;0.001684;0.003241
43;-0.001386;0.001994;0.004894
44;-0.000265;0.001933;0.002931
45;-0.002084;0.002540;0.005300
46;-0.001526;0.000814;0.004402
47;-0.000752;0.000802;0.004268
48;0.000650;0.001432;0.004436
49;-0.002075;0.001633;0.003915
50;-0.001737;0.003152;0.003475
51;-0.001529;0.002071;0.004071
52;-0.000263;0.002197;0.003859
53;-0.000901;0.000596;0.004401
54;-0.001077;0.001800;0.003988
55;-0.001614;0.002128;0.005213
56;-0.001035;0.000015;0.004552
57;-0.000372;0.000827;0.002966
58;-0.000940;0.002173;0.004142
59;-0.002357;0.003460;0.005152
60;-0.002269;0.001069;0.005788
61;-0.002312;0.001117;0.004552
62;-0.001043;0.001706;0.005045
63;-0.000943;0.003272;0.006770
64;-0.000662;0.001650;0.005003
65;-0.000478;0.000883;0.004142
66;-0.002146;0.000129;0.002839
67;-0.002354;0.001792;0.005106
68;-0.001879;0.003155;0.005580
69;-0.002340;0.002945;0.006316
70;-0.003052;0.003532;0.007342
71;-0.005070;0.006927;0.014010
72;-0.009737;0.013834;0.025581
73;-0.016247;0.020740;0.042076
74;-0.023207;0.023748;0.053329
75;-0.022625;0.014969;0.041947
76;-0.001578;-0.011777;0.002829
77;0.038479;-0.049298;-0.063311
78;0.057005;-0.059660;-0.091081
79;0.052481;-0.039314;-0.087895
80;0.037101;-0.011581;-0.064358
81;0.005701;0.017431;-0.031136
82;-0.024963;0.033087;0.000007
83;-0.055868;0.042199;0.038227
84;-0.055289;0.036833;0.054666
85;-0.029804;0.014935;0.050824
86;-0.008776;-0.008035;0.045342
87;0.003651;-0.016164;0.044808
88;0.007983;-0.012609;0.049978
89;-0.006240;0.009784;0.064926
90;-0.012678;0.027511;0.068106
91;-0.011231;0.033253;0.044844
92;-0.006019;0.019640;0.015040
93;0.018749;-0.016120;-0.039998
94;0.044859;-0.043450;-0.086801
95;0.060828;-0.061069;-0.118544
96;0.031980;-0.028951;-0.110459
97;0.015168;-0.013488;-0.072360
98;-0.000194;-0.004150;-0.031618
99;-0.020650;0.007496;0.019835
100;-0.051527;0.047130;0.046521
101;-0.041279;0.045212;0.060272
102;-0.023326;0.026093;0.060065
103;-0.010229;0.002985;0.060895
104;0.000335;-0.007160;0.059904
105;0.002931;-0.001784;0.065522
106;-0.006100;0.009565;0.072288
107;-0.016180;0.018097;0.061491
108;-0.011761;0.011842;0.031907
109;0.015378;-0.010262;-0.026345
110;0.036334;-0.026040;-0.065148
111;0.053862;-0.036183;-0.097165
112;0.056815;-0.037671;-0.108407
113;0.031831;-0.025118;-0.084588
114;0.005476;-0.006159;-0.055076
115;-0.033295;0.016023;-0.005917
116;-0.053427;0.028126;0.028045
117;-0.047415;0.031810;0.047539
118;-0.028205;0.023393;0.051711
119;-0.013884;0.012614;0.060659
120;-0.007315;0.008426;0.069142
121;0.002575;0.010331;0.072582
122;-0.004326;0.016104;0.069575
123;-0.005896;0.013658;0.053831
124;0.000531;0.004386;0.032792
125;0.006498;-0.011639;-0.005430
126;0.020958;-0.025332;-0.040311
127;0.045084;-0.039779;-0.086501
128;0.055774;-0.040156;-0.108362
129;0.033704;-0.027835;-0.095740
130;0.013509;-0.007376;-0.060307
131;-0.020794;0.018066;-0.017851
132;-0.038936;0.030068;0.010727
133;-0.047579;0.033758;0.039984
134;-0.039195;0.023127;0.049570
135;-0.019768;0.007920;0.053328
136;-0.005032;0.000532;0.058491
137;0.005554;-0.000894;0.060835
138;0.004989;0.010540;0.065954
139;-0.007827;0.025561;0.076709
140;-0.014421;0.025177;0.063174
141;-0.003551;0.006496;0.019635
142;0.010422;-0.009801;-0.014783
143;0.037878;-0.034101;-0.061594
144;0.050573;-0.045852;-0.091931
145;0.048053;-0.043219;-0.105766
146;0.030391;-0.031307;-0.091177
147;0.006167;-0.003681;-0.054149
148;-0.022808;0.016356;-0.016518
149;-0.046058;0.036686;0.023823
150;-0.043709;0.039117;0.042645
151;-0.029344;0.023899;0.048710
152;-0.016182;0.009463;0.054140
153;-0.003683;-0.002336;0.056465
154;0.006931;-0.007878;0.054848
155;0.006448;0.004426;0.053700
156;-0.011044;0.019787;0.066706
157;-0.022778;0.033532;0.070153
158;-0.024674;0.027091;0.050763
159;-0.005971;0.003774;0.005893
160;0.021689;-0.025187;-0.042323
161;0.059871;-0.061596;-0.103555
162;0.071966;-0.070232;-0.130003
163;0.051787;-0.050724;-0.117843
164;0.024712;-0.020206;-0.080261
165;-0.017822;0.023591;-0.021964
166;-0.042900;0.046091;0.018222
167;-0.059935;0.055830;0.055740
168;-0.055559;0.045936;0.068700
169;-0.028398;0.015727;0.064137
170;-0.012074;-0.003436;0.061558
171;0.010710;-0.018744;0.052680
172;0.022781;-0.016179;0.044967
173;0.005099;0.011447;0.064359
174;-0.011325;0.027852;0.068333
175;-0.017503;0.031051;0.050189
176;-0.014297;0.021601;0.021878
177;0.013769;-0.010008;-0.034264
178;0.038157;-0.038544;-0.080000
179;0.064793;-0.065656;-0.121908
180;0.058256;-0.060343;-0.119277
181;0.027965;-0.031861;-0.084639
182;0.001657;0.000166;-0.047441
183;-0.030251;0.035621;0.008630
184;-0.049068;0.049700;0.039688
185;-0.050240;0.048482;0.062337
186;-0.033650;0.033765;0.063704
187;-0.014045;0.004449;0.061376
188;-0.001913;-0.009973;0.058169
189;0.016104;-0.017725;0.048738
190;0.007200;-0.006885;0.050123
191;-0.008192;0.020121;0.060661
192;-0.012785;0.030217;0.055523
193;-0.018362;0.026022;0.033345
194;-0.005732;0.010928;0.000777
195;0.025674;-0.021741;-0.052088
196;0.044515;-0.042569;-0.088241
197;0.060313;-0.060788;-0.117422
198;0.043461;-0.051702;-0.108740
199;0.017962;-0.020644;-0.065339
200;-0.006153;0.006971;-0.029003
201;-0.034374;0.037671;0.019846
202;-0.040604;0.049390;0.043900
203;-0.041675;0.043327;0.062665
204;-0.030382;0.024279;0.065951
205;-0.010468;0.002106;0.062563
206;-0.000036;-0.006349;0.061768
207;0.004334;0.000557;0.064540
208;-0.005368;0.009260;0.070805
209;-0.016940;0.017013;0.058529
210;-0.014025;0.014309;0.036766
211;0.002286;0.003095;-0.002329
212;0.027288;-0.012131;-0.038957
213;0.051955;-0.037023;-0.088963
214;0.062089;-0.052305;-0.118645
215;0.049361;-0.049530;-0.118952
216;0.026882;-0.027262;-0.083767
217;-0.011774;0.005893;-0.029355
218;-0.034801;0.029535;0.006932
219;-0.052508;0.045710;0.046411
220;-0.053752;0.043272;0.062647
221;-0.035084;0.024127;0.068402
222;-0.018190;0.011472;0.069334
223;0.003628;0.002138;0.070350
224;0.005648;0.009692;0.075815
225;-0.001798;0.013164;0.073525
226;-0.005444;0.006637;0.049478
227;0.001962;-0.002705;0.017236
228;0.011733;-0.009909;-0.008840
229;0.035071;-0.022374;-0.055644
230;0.049672;-0.034617;-0.086664
231;0.051929;-0.044562;-0.112410
232;0.033598;-0.034300;-0.102326
233;0.007998;-0.006898;-0.058985
234;-0.013801;0.014023;-0.021935
235;-0.041399;0.030967;0.018055
236;-0.049574;0.033883;0.038216
237;-0.040315;0.023498;0.051850
238;-0.024074;0.013173;0.058312
239;-0.003574;0.004386;0.060796
240;0.010213;-0.001111;0.054637
241;0.018549;-0.001886;0.041564
242;0.005958;0.006409;0.044829
243;-0.013549;0.022702;0.056251
244;-0.021599;0.032447;0.058798
245;-0.013077;0.022252;0.030932
246;-0.007168;0.003102;0.001613
247;0.017056;-0.032634;-0.049990
248;0.045956;-0.057833;-0.093131
249;0.065462;-0.068328;-0.127977
250;0.052432;-0.049457;-0.117230
251;0.026177;-0.010513;-0.067651
252;-0.006783;0.021470;-0.026374
253;-0.038739;0.048932;0.025459
254;-0.052238;0.056349;0.052372
255;-0.051390;0.042481;0.071892
256;-0.030503;0.020118;0.068584
257;-0.008507;-0.009374;0.060827
258;0.004842;-0.021604;0.052268
259;0.021018;-0.022019;0.036048
260;0.017825;-0.007268;0.039319
261;-0.009114;0.026690;0.061315
262;-0.019905;0.044171;0.063547
263;-0.018403;0.040328;0.036522
264;-0.013488;0.018127;0.005399
265;0.016379;-0.029030;-0.051657
266;0.045387;-0.062313;-0.095610
267;0.066031;-0.078293;-0.128273
268;0.050080;-0.061817;-0.116147
269;0.022934;-0.019263;-0.067029
270;-0.004832;0.015131;-0.027122
271;-0.031209;0.051180;0.025168
272;-0.044567;0.061088;0.052726
273;-0.046512;0.051421;0.070721
274;-0.030128;0.027703;0.069482
275;-0.008589;-0.006537;0.059587
276;0.001579;-0.021186;0.054392
277;0.007519;-0.013375;0.056222
278;-0.003443;0.001782;0.066452
279;-0.007657;0.015666;0.053258
280;-0.010361;0.019891;0.033768
281;-0.004210;0.015268;0.004641
282;0.016828;-0.000770;-0.028721
283;0.045183;-0.029963;-0.082655
284;0.061028;-0.051657;-0.112826
285;0.045650;-0.052263;-0.111082
286;0.027587;-0.036005;-0.080031
287;-0.006309;-0.003521;-0.031028
288;-0.031992;0.019450;0.004637
289;-0.045071;0.044633;0.042043
290;-0.044637;0.047293;0.059590
291;-0.030195;0.031752;0.067890
292;-0.015821;0.016663;0.068888
293;0.001782;0.001256;0.065568
294;0.012876;-0.000282;0.061427
295;0.001892;0.003088;0.061047
296;-0.011874;0.006868;0.053802
297;-0.009549;0.006816;0.032871
298;-0.004127;0.000718;0.009358
299;0.022020;-0.010653;-0.033642
300;0.038828;-0.024426;-0.069082
301;0.053411;-0.043592;-0.107669
302;0.053189;-0.043940;-0.114929
303;0.028867;-0.025446;-0.078815
304;-0.000243;-0.002918;-0.045530
305;-0.030289;0.021088;0.001937
306;-0.042718;0.034399;0.032236
307;-0.048421;0.035473;0.057122
308;-0.035060;0.024893;0.065160
309;-0.016161;0.015693;0.071243
310;-0.006610;0.011835;0.077019
311;0.000920;0.011905;0.077990
312;-0.006626;0.010814;0.072374
313;-0.003210;0.005468;0.047836
314;0.003057;-0.001466;0.022671
315;0.012742;-0.009401;-0.008262
316;0.024846;-0.018014;-0.038439
317;0.047673;-0.036186;-0.089247
318;0.056594;-0.048187;-0.117350
319;0.036276;-0.035559;-0.105131
320;0.023109;-0.014344;-0.067780
321;-0.011898;0.015354;-0.021102
322;-0.036307;0.029457;0.010038
323;-0.055245;0.034686;0.043187
324;-0.050445;0.028690;0.056162
325;-0.025927;0.014221;0.063429
326;-0.007320;0.005503;0.065478
327;0.007709;-0.001257;0.063696
328;0.012010;0.004541;0.059354
329;0.003051;0.010309;0.058570
330;-0.007251;0.016735;0.054849
331;-0.001363;0.014337;0.034055
332;0.002879;0.007355;0.009060
333;0.011422;-0.011276;-0.029271
334;0.023375;-0.031677;-0.061764
335;0.043441;-0.050192;-0.100897
336;0.050972;-0.048852;-0.108406
337;0.029015;-0.023535;-0.074834
338;0.006177;0.000247;-0.043684
339;-0.020293;0.023465;-0.003222
340;-0.036244;0.035126;0.026170
341;-0.042815;0.035591;0.055632
342;-0.028545;0.025707;0.060942
343;-0.010155;0.007408;0.060263
344;-0.004065;-0.000747;0.062485
345;0.002418;-0.005460;0.059762
346;-0.002927;0.002804;0.059067
347;-0.009626;0.017368;0.059586
348;-0.005981;0.024024;0.046153
349;-0.000523;0.011711;0.017071
350;0.006490;-0.002664;-0.012142
351;0.026526;-0.026351;-0.053970
352;0.041722;-0.040027;-0.086920
353;0.053011;-0.048250;-0.111207
354;0.039196;-0.037872;-0.098236
355;0.013030;-0.010811;-0.054875
356;-0.016019;0.009294;-0.020570
357;-0.036758;0.033726;0.025077
358;-0.041033;0.041706;0.047162
359;-0.032796;0.035113;0.060366
360;-0.020683;0.018614;0.064976
361;-0.011733;0.006856;0.073952
362;-0.004074;0.004655;0.073212
363;-0.007341;0.003247;0.062909
364;-0.005722;0.007945;0.058976
365;0.000632;0.007028;0.038426
366;0.002128;0.003284;0.017616
367;0.012418;-0.003203;-0.011779
368;0.028082;-0.014249;-0.043344
369;0.048393;-0.038340;-0.095141
370;0.061031;-0.053480;-0.123956
371;0.043229;-0.040175;-0.105687
372;0.016034;-0.020500;-0.070769
373;-0.018124;0.010786;-0.018493
374;-0.042537;0.030515;0.018829
375;-0.054580;0.042307;0.054075
376;-0.046641;0.038991;0.066844
377;-0.022002;0.024812;0.072305
378;-0.007301;0.009240;0.070474
379;0.011035;-0.007848;0.057245
380;0.014129;-0.006022;0.055069
381;-0.005063;0.020737;0.075921
382;-0.009106;0.023664;0.068370
383;0.001209;0.001148;0.014894
384;0.015961;-0.021076;-0.032021
385;0.032923;-0.036309;-0.073167
386;0.046707;-0.038907;-0.088459
387;0.050704;-0.030791;-0.093065
388;0.030670;-0.016709;-0.074177
389;-0.004861;0.002873;-0.037876
390;-0.032354;0.016542;-0.005032
391;-0.045275;0.029686;0.034376
392;-0.034267;0.026841;0.043626
393;-0.011646;0.011600;0.044040
394;-0.006781;0.001915;0.049445
395;-0.006946;0.000524;0.064074
396;-0.002344;0.010890;0.074958
397;-0.012159;0.025137;0.080576
398;-0.010243;0.024831;0.064315
399;-0.001273;0.003597;0.023409
400;0.007316;-0.015933;-0.008647
401;0.032047;-0.035364;-0.054849
402;0.053137;-0.042298;-0.083851
403;0.064237;-0.040548;-0.106656
404;0.040326;-0.030591;-0.095744
405;0.004244;-0.005618;-0.052993
406;-0.025939;0.014091;-0.014694
407;-0.047967;0.033483;0.025035
408;-0.045710;0.038578;0.042792
409;-0.032164;0.026034;0.054048
410;-0.023739;0.014409;0.063179
411;-0.015565;0.011301;0.081435
412;-0.006877;0.014171;0.088263
413;-0.001532;0.006917;0.063964
414;0.007433;0.001624;0.042961
415;0.005124;0.001712;0.027677
416;0.009575;-0.005595;0.003893
417;0.026583;-0.018243;-0.035688
418;0.046158;-0.031959;-0.077206
419;0.062352;-0.050346;-0.120839
420;0.049737;-0.047871;-0.119200
421;0.020049;-0.019333;-0.070959
422;-0.008958;0.007785;-0.031355
423;-0.040177;0.031692;0.012700
424;-0.053171;0.042326;0.040810
425;-0.055796;0.035464;0.062690
426;-0.036582;0.021184;0.070455
427;-0.009984;0.007180;0.069837
428;0.009941;-0.002769;0.060747
429;0.020993;-0.004106;0.055738
430;0.006555;0.008568;0.065101
431;-0.007992;0.018453;0.062544
432;-0.005492;0.020132;0.044753
433;-0.000298;0.005564;0.007672
434;0.009507;-0.011858;-0.026055
435;0.033776;-0.039158;-0.076707
436;0.051452;-0.053062;-0.107382
437;0.052406;-0.051065;-0.115875
438;0.040708;-0.029832;-0.089568
439;0.001949;0.005653;-0.039757
440;-0.020418;0.027006;-0.004250
441;-0.044750;0.042159;0.040134
442;-0.052700;0.040431;0.057802
443;-0.031363;0.021485;0.061535
444;-0.013466;0.006576;0.062307
445;0.002167;-0.006662;0.059625
446;0.014001;-0.011937;0.056090
447;0.008176;-0.001369;0.050350
448;-0.004723;0.017528;0.059883
449;-0.007205;0.025535;0.048373
450;-0.004392;0.016226;0.024239
451;0.004521;0.002167;-0.007582
452;0.015742;-0.014290;-0.036451
453;0.035190;-0.039874;-0.078993
454;0.044905;-0.051337;-0.101471
455;0.033245;-0.044413;-0.097226
456;0.017223;-0.024757;-0.064641
457;-0.003572;0.005935;-0.024448
458;-0.017437;0.024116;0.004607
459;-0.028524;0.038650;0.035571
460;-0.032172;0.036183;0.053871
461;-0.022517;0.019702;0.058085
462;-0.006660;0.003308;0.055795
463;0.000978;-0.006871;0.057053
464;0.005245;-0.006213;0.053461
465;-0.004808;0.002172;0.051826
466;-0.014292;0.015486;0.052958
467;-0.012981;0.026053;0.048162
468;-0.012327;0.025662;0.033607
469;0.000197;0.006370;-0.000874
470;0.017386;-0.014816;-0.031999
471;0.040942;-0.043405;-0.077636
472;0.052702;-0.054960;-0.101978
473;0.044144;-0.051218;-0.106685
474;0.031889;-0.033981;-0.084070
475;0.005614;0.001900;-0.036601
476;-0.015225;0.025338;-0.003155
477;-0.036546;0.044335;0.034885
478;-0.042896;0.043582;0.058276
479;-0.032231;0.029375;0.068411
480;-0.015626;0.012851;0.066195
481;-0.001480;-0.002869;0.068401
482;0.001867;-0.004308;0.070102
483;-0.012117;0.005653;0.073816
484;-0.016732;0.014343;0.067038
485;-0.004090;0.011317;0.035495
486;0.009212;0.002577;0.004915
487;0.020808;-0.006642;-0.024894
488;0.040061;-0.024088;-0.064823
489;0.061615;-0.051513;-0.116532
490;0.065584;-0.057578;-0.128856
491;0.033158;-0.032993;-0.086740
492;-0.000738;-0.004257;-0.044538
493;-0.033819;0.023593;0.002993
494;-0.046471;0.038765;0.034712
495;-0.054398;0.041496;0.061049
496;-0.039367;0.031298;0.068449
497;-0.014269;0.015316;0.070141
498;0.002200;0.002596;0.067123
499;0.018952;-0.009156;0.051898
500;0.008605;-0.002702;0.050767
501;-0.004052;0.015148;0.063390
502;-0.003142;0.021285;0.054313
503;-0.006261;0.013519;0.028465
504;-0.003158;0.004517;0.004184
505;0.019429;-0.024561;-0.050430
506;0.041999;-0.045129;-0.091581
507;0.060649;-0.060041;-0.122561
508;0.049030;-0.048540;-0.114525
509;0.025951;-0.015805;-0.066593
510;-0.006398;0.008126;-0.028428
511;-0.037400;0.036631;0.021044
512;-0.046455;0.044423;0.047341
513;-0.040210;0.039150;0.067079
514;-0.024107;0.020987;0.066930
515;-0.008881;-0.001546;0.064554
516;0.001938;-0.012117;0.058818
517;0.013203;-0.007040;0.055090
518;0.003285;0.011006;0.068561
519;-0.014566;0.029312;0.073587
520;-0.015530;0.030865;0.055923
521;-0.003894;0.007797;0.006788
522;0.021228;-0.022627;-0.046849
523;0.052760;-0.053702;-0.100248
524;0.066283;-0.061054;-0.120358
525;0.055326;-0.048654;-0.117067
526;0.028480;-0.027397;-0.085077
527;-0.013472;0.008670;-0.028110
528;-0.038755;0.032111;0.011362
529;-0.051865;0.051076;0.052316
530;-0.046303;0.045188;0.066383
531;-0.022523;0.019340;0.063513
532;-0.010160;0.003038;0.063929
533;0.003106;-0.013029;0.060838
534;0.014525;-0.008411;0.057649
535;0.004388;0.010798;0.071691
536;-0.008561;0.022967;0.071217
537;-0.006129;0.018723;0.039195
538;-0.002220;0.004503;0.006331
539;0.019241;-0.017044;-0.039684
540;0.043466;-0.036614;-0.079040
541;0.067401;-0.056292;-0.120208
542;0.060164;-0.052180;-0.118200
543;0.023683;-0.025973;-0.076104
544;-0.009998;0.000188;-0.037474
545;-0.036831;0.030077;0.011972
546;-0.043960;0.043133;0.038846
547;-0.041704;0.041911;0.061525
548;-0.028833;0.025925;0.064597
549;-0.011435;0.004333;0.066123
550;0.002378;-0.006127;0.060755
551;0.020939;-0.013191;0.044722
552;0.014333;-0.006884;0.044853
553;-0.006953;0.019613;0.060966
554;-0.017295;0.033566;0.063102
555;-0.015724;0.021495;0.032220
556;-0.007170;0.000837;-0.004084
557;0.027048;-0.029796;-0.057876
558;0.050778;-0.049420;-0.091658
559;0.062205;-0.061560;-0.121109
560;0.044773;-0.050039;-0.110014
561;0.018674;-0.013910;-0.061701
562;-0.012236;0.012729;-0.024105
563;-0.034352;0.043326;0.025970
564;-0.040619;0.049039;0.049879
565;-0.037731;0.036427;0.064510
566;-0.023402;0.016069;0.063030
567;-0.006867;-0.004348;0.063598
568;0.002463;-0.009932;0.062814
569;-0.001990;0.005281;0.076530
570;-0.011985;0.018887;0.084091
571;-0.012786;0.020000;0.058353
572;-0.000245;0.003664;0.016889
573;0.018217;-0.012633;-0.022834
574;0.041800;-0.025902;-0.058789
575;0.063978;-0.044888;-0.103658
576;0.068820;-0.053590;-0.124218
577;0.043466;-0.038869;-0.100809
578;0.009393;-0.014990;-0.063813
579;-0.024230;0.017313;-0.010440
580;-0.045974;0.034419;0.024807
581;-0.052810;0.041561;0.055217
582;-0.040289;0.032695;0.061800
583;-0.020454;0.015221;0.065848
584;-0.006234;0.005581;0.068089
585;0.018237;-0.005704;0.058972
586;0.025238;-0.005190;0.047654
587;0.000387;0.014008;0.063723
588;-0.013222;0.024323;0.066607
589;-0.015780;0.017347;0.040436
590;0.004922;-0.000964;-0.002231
591;0.031896;-0.031273;-0.061360
592;0.042687;-0.043618;-0.084923
593;0.052688;-0.048914;-0.103323
594;0.040879;-0.036977;-0.096658
595;0.019461;-0.010155;-0.058211
596;-0.010009;0.010657;-0.023201
597;-0.040597;0.032161;0.020607
598;-0.041295;0.037853;0.043152
599;-0.027769;0.027654;0.054447
600;-0.015477;0.010178;0.051902
601;0.000005;-0.005676;0.055639
602;0.008069;-0.010032;0.053924
603;0.017315;-0.004607;0.047238
604;-0.010112;0.023694;0.077789
605;-0.032053;0.052274;0.101585
606;-0.031154;0.045721;0.081718
607;-0.019782;0.009057;0.024844
608;0.015092;-0.031563;-0.041848
609;0.080809;-0.090824;-0.138373
610;0.107865;-0.104668;-0.177202
611;0.079223;-0.069517;-0.148343
612;0.042527;-0.026130;-0.097950
613;-0.014788;0.030272;-0.026975
614;-0.054384;0.060103;0.023616
615;-0.085306;0.075664;0.076673
616;-0.080916;0.066539;0.098382
617;-0.041493;0.027123;0.087941
618;-0.016456;-0.007196;0.070997
619;0.017726;-0.038021;0.049535
620;0.041271;-0.042648;0.032506
621;0.053457;-0.032567;0.012311
622;0.050330;-0.011762;0.003444
623;0.021347;0.017687;0.004727
624;-0.003857;0.031433;0.005236
625;-0.017122;0.031052;-0.002544
626;-0.019713;0.021950;-0.006782
627;-0.014653;0.000481;-0.012021
628;-0.012890;-0.018884;-0.017733
629;-0.000328;-0.036394;-0.023940
630;0.008428;-0.036805;-0.023964
631;0.009749;-0.015863;-0.003900
632;0.011014;0.003771;0.008503
633;0.014497;0.025846;0.018216
634;0.011515;0.028810;0.023545
635;-0.003180;0.025276;0.027724
636;-0.011889;0.011013;0.022757
637;-0.006191;-0.011995;0.006201
638;0.003914;-0.025361;-0.004729
639;0.006807;-0.026281;-0.007193
640;0.003334;-0.015211;-0.000814
641;0.002776;0.003785;0.009438
642;0.007626;0.014776;0.010334
643;0.011298;0.019552;0.007091
644;0.004196;0.016640;0.008910
645;-0.004636;0.005200;0.007627
646;-0.005966;-0.003635;0.006211
647;-0.000876;-0.014047;0.000657
648;0.005689;-0.015840;-0.001855
649;0.008185;-0.011305;0.001493
650;0.009016;-0.003896;0.005936
651;0.004063;0.006886;0.010293
652;-0.000513;0.013761;0.014945
653;-0.006253;0.017473;0.016492
654;-0.004771;0.015714;0.015665
655;-0.004749;0.011438;0.027275
656;-0.012724;0.008019;0.038362
657;-0.023747;0.012723;0.054146
658;-0.030932;0.019971;0.063445
659;-0.018539;0.011843;0.046441
660;0.006114;-0.005539;0.014648
661;0.038381;-0.042855;-0.051453
662;0.076730;-0.076868;-0.115900
663;0.097642;-0.087493;-0.159536
664;0.083609;-0.056023;-0.134328
665;0.042642;-0.000841;-0.067707
666;-0.002191;0.034714;-0.018643
667;-0.061732;0.059861;0.038814
668;-0.093636;0.063884;0.075205
669;-0.092552;0.048527;0.098987
670;-0.055351;0.022900;0.091866
671;-0.004836;-0.008599;0.067614
672;0.021264;-0.025340;0.048071
673;0.041785;-0.033718;0.023065
674;0.050720;-0.026683;0.008857
675;0.051458;-0.003324;-0.000825
676;0.035336;0.016839;0.001032
677;0.007625;0.027959;-0.003452
678;-0.011449;0.022671;-0.008712
679;-0.030105;0.008662;-0.010198
680;-0.026659;-0.005822;-0.012171
681;-0.013879;-0.019092;-0.014922
682;0.002833;-0.024207;-0.018882
683;0.009937;-0.022543;-0.013274
684;0.003122;-0.011831;0.000508
685;0.007718;0.006868;0.012262
686;0.017590;0.020775;0.016910
687;0.020009;0.025627;0.021222
688;0.007386;0.019957;0.023090
689;-0.014398;0.000447;0.018317
690;-0.012424;-0.013130;0.006903
691;-0.001148;-0.022325;-0.004820
692;0.005544;-0.017582;-0.004146
693;0.006691;-0.003923;0.003874
694;0.004541;0.005873;0.008574
695;0.005219;0.014212;0.009712
696;0.008827;0.012930;0.004919
697;0.006306;0.008845;0.005533
698;0.000482;0.003236;0.006636
699;-0.003200;-0.006609;0.004668
700;-0.003644;-0.011940;0.003263
701;-0.001551;-0.011810;0.004563
702;0.002166;-0.003743;0.011338
703;0.003502;0.011487;0.025830
704;0.000702;0.023852;0.033559
705;-0.012437;0.027070;0.047084
706;-0.024364;0.027135;0.052884
707;-0.023061;0.020154;0.051805
708;-0.009580;0.002329;0.031781
709;-0.001201;-0.018720;0.003412
710;0.023394;-0.039129;-0.034282
711;0.064386;-0.072244;-0.102926
712;0.084539;-0.082844;-0.140309
713;0.084248;-0.057522;-0.134627
714;0.053938;-0.019101;-0.089327
715;0.000514;0.034841;-0.021537
716;-0.035148;0.061781;0.025268
717;-0.083039;0.068136;0.073439
718;-0.095984;0.054420;0.096364
719;-0.056484;0.020384;0.093227
720;-0.020435;-0.002821;0.078252
721;0.018082;-0.027495;0.052060
722;0.037055;-0.036081;0.030386
723;0.047724;-0.026047;0.012310
724;0.047199;-0.011615;0.002960
725;0.033352;0.018282;0.002720
726;0.015865;0.031691;0.001176
727;-0.006648;0.027199;-0.008270
728;-0.021009;0.012652;-0.012696
729;-0.024428;-0.007089;-0.014449
730;-0.021563;-0.018957;-0.016980
731;-0.001118;-0.029826;-0.022225
732;0.010935;-0.027978;-0.016881
733;0.004556;-0.010868;-0.001431
734;0.004749;0.003534;0.011423
735;0.018040;0.020852;0.018348
736;0.018343;0.028142;0.019627
737;0.008258;0.021361;0.023497
738;-0.006704;0.008730;0.020980
739;-0.011606;-0.013409;0.006731
740;-0.006010;-0.023176;-0.003032
741;0.004719;-0.020115;-0.004930
742;0.006406;-0.010104;-0.001305
743;0.007114;0.005384;0.007075
744;0.008282;0.014157;0.008908
745;0.008081;0.017701;0.006462
746;0.003734;0.014152;0.007498
747;-0.002706;0.007048;0.010026
748;-0.003948;-0.002967;0.008937
749;-0.001743;-0.013504;0.003272
750;0.001394;-0.016248;0.002947
751;0.005115;-0.008256;0.006964
752;0.008877;0.002952;0.013821
753;0.004139;0.017064;0.025611
754;-0.002336;0.022162;0.028978
755;-0.011295;0.019536;0.033760
756;-0.017182;0.019336;0.038055
757;-0.015907;0.012660;0.040108
758;-0.011458;0.003958;0.032126
759;-0.007146;-0.007308;0.014877
760;0.004905;-0.021606;-0.007542
761;0.029517;-0.039480;-0.049779
762;0.059377;-0.062385;-0.098214
763;0.092731;-0.066391;-0.134823
764;0.086376;-0.044640;-0.118627
765;0.035975;-0.000434;-0.063260
766;-0.001758;0.027079;-0.015675
767;-0.053496;0.052770;0.039747
768;-0.079673;0.056749;0.073443
769;-0.078724;0.042905;0.095635
770;-0.052628;0.020138;0.088955
771;-0.014212;-0.007851;0.071594
772;0.013899;-0.021228;0.053615
773;0.041214;-0.026765;0.027267
774;0.053285;-0.019788;0.010477
775;0.049106;-0.001607;-0.001738
776;0.027233;0.014095;0.000703
777;0.003989;0.022730;-0.002401
778;-0.007290;0.019730;-0.009636
779;-0.017033;0.009060;-0.012108
780;-0.019205;-0.003706;-0.012891
781;-0.014796;-0.014742;-0.012002
782;-0.001819;-0.020588;-0.013154
783;0.005264;-0.022249;-0.008622
784;0.005151;-0.013152;-0.001664
785;0.012795;0.002030;0.008693
786;0.019932;0.014396;0.014119
787;0.016187;0.022098;0.018564
788;0.001966;0.017102;0.019599
789;-0.011724;0.004673;0.016338
790;-0.008456;-0.006625;0.007839
791;-0.000721;-0.014843;-0.000371
792;0.004707;-0.014694;0.000336
793;0.003525;-0.004254;0.009519
794;0.004414;0.005187;0.012594
795;0.005426;0.016916;0.017583
796;0.001241;0.021832;0.026804
797;-0.005958;0.023995;0.035675
798;-0.015952;0.020601;0.040805
799;-0.026318;0.019290;0.054615
800;-0.027375;0.011007;0.050835
801;-0.001408;-0.017525;0.007108
802;0.018337;-0.033821;-0.023250
803;0.058749;-0.058353;-0.078707
804;0.087100;-0.075450;-0.126895
805;0.071338;-0.061436;-0.135501
806;0.052273;-0.027067;-0.097551
807;0.010739;0.023430;-0.034505
808;-0.022462;0.051612;0.011583
809;-0.065127;0.063486;0.061777
810;-0.088360;0.050541;0.084402
811;-0.062652;0.018782;0.085910
812;-0.030832;0.000111;0.074791
813;0.013927;-0.018427;0.057136
814;0.039058;-0.026769;0.038304
815;0.042122;-0.026387;0.016775
816;0.041600;-0.015405;0.006930
817;0.029794;0.012463;0.004442
818;0.016207;0.028754;0.004019
819;0.002357;0.028880;-0.005275
820;-0.011276;0.016094;-0.009228
821;-0.026206;-0.004694;-0.012831
822;-0.021444;-0.016078;-0.015803
823;-0.001899;-0.024792;-0.019543
824;0.011045;-0.026269;-0.017898
825;0.009682;-0.012505;-0.002654
826;0.006587;-0.000118;0.008372
827;0.010368;0.015622;0.016910
828;0.014550;0.023996;0.020127
829;0.009100;0.021939;0.021748
830;-0.001988;0.009715;0.019098
831;-0.009295;-0.009686;0.007860
832;-0.007681;-0.019768;-0.001759
833;0.001438;-0.019643;-0.004020
834;0.006330;-0.009947;-0.000816
835;0.011415;0.004403;0.007613
836;0.013634;0.011270;0.007446
837;0.006849;0.013152;0.005873
838;0.000550;0.011102;0.006554
839;-0.003738;0.004322;0.007853
840;-0.003191;-0.001598;0.007357
841;0.001691;-0.011334;0.006047
842;0.001262;-0.013177;0.002552
843;0.005371;-0.009107;0.002902
844;0.009829;-0.003971;0.002948
845;0.012431;0.007334;0.007050
846;0.007323;0.011369;0.010370
847;-0.001252;0.011264;0.011463
848;-0.005126;0.006574;0.009459
849;-0.004325;-0.001024;0.008664
850;-0.002217;-0.003831;0.009427
851;0.004974;-0.004715;0.009736
852;0.006351;-0.002844;0.011481
853;-0.000552;0.005408;0.019873
854;-0.007461;0.016221;0.033436
855;-0.010692;0.023056;0.041256
856;-0.014003;0.020746;0.038215
857;-0.018850;0.016507;0.040042
858;-0.015934;0.005074;0.024984
859;0.023962;-0.037439;-0.041342
860;0.057185;-0.067792;-0.091723
861;0.082894;-0.076676;-0.127410
862;0.074439;-0.054127;-0.109226
863;0.038810;-0.010585;-0.064526
864;0.000894;0.023344;-0.022788
865;-0.043623;0.054788;0.031451
866;-0.068549;0.061883;0.064787
867;-0.072612;0.051057;0.088686
868;-0.045341;0.022441;0.079594
869;-0.008662;-0.011269;0.060273
870;0.013674;-0.027644;0.046145
871;0.032991;-0.035434;0.022846
872;0.039701;-0.027579;0.013631
873;0.040471;-0.006451;0.002127
874;0.024448;0.015927;0.004427
875;0.000158;0.032726;0.003144
876;-0.009159;0.030832;-0.001114
877;-0.016740;0.016410;-0.007432
878;-0.012221;-0.001682;-0.011226
879;-0.007039;-0.023035;-0.017962
880;0.001481;-0.033138;-0.020508
881;0.005881;-0.027184;-0.006620
882;0.004343;-0.009673;0.007382
883;0.005345;0.017733;0.028388
884;0.007078;0.034213;0.041174
885;-0.013552;0.054899;0.071159
886;-0.031314;0.048538;0.075550
887;-0.025186;0.010906;0.043054
888;0.000210;-0.029813;-0.006761
889;0.049195;-0.082416;-0.080348
890;0.071695;-0.092667;-0.111732
891;0.057725;-0.054086;-0.091601
892;0.038502;-0.012689;-0.061890
893;0.010709;0.036667;-0.015291
894;-0.022058;0.061450;0.018858
895;-0.052244;0.066442;0.055795
896;-0.058365;0.053688;0.070496
897;-0.039585;0.017349;0.070463
898;-0.031371;0.009152;0.087721
899;-0.026942;-0.005230;0.096457
900;-0.007299;-0.026443;0.055896
901;0.048568;-0.052862;-0.016038
902;0.083273;-0.063478;-0.066720
903;0.087978;-0.039596;-0.085393
904;0.068404;-0.010130;-0.076051
905;0.032927;0.021783;-0.055029
906;-0.002049;0.036390;-0.024955
907;-0.045324;0.037360;0.007009
908;-0.065472;0.029163;0.030102
909;-0.069684;0.011223;0.048780
910;-0.061239;0.000747;0.063065
911;-0.048811;0.015614;0.095741
912;-0.022290;0.015945;0.088260
913;0.017952;-0.009535;0.033915
914;0.057213;-0.030314;-0.015502
915;0.111996;-0.043499;-0.067592
916;0.112273;-0.039914;-0.082252
917;0.073967;-0.022319;-0.077895
918;0.031350;-0.011360;-0.057331
919;-0.024205;0.012745;-0.012962
920;-0.062392;0.026042;0.018310
921;-0.085173;0.029192;0.045561
922;-0.078790;0.028259;0.057626
923;-0.047570;0.022151;0.060197
924;-0.027820;0.022774;0.071740
925;-0.006029;0.028840;0.081330
926;0.008648;0.013431;0.061116
927;0.047482;-0.021285;0.004128
928;0.072663;-0.044990;-0.038956
929;0.085899;-0.062081;-0.080147
930;0.077338;-0.061068;-0.091706
931;0.050076;-0.031768;-0.070877
932;0.018610;-0.002239;-0.045857
933;-0.026545;0.027390;-0.004862
934;-0.061894;0.045130;0.028837
935;-0.078194;0.047881;0.053922
936;-0.062501;0.034588;0.059137
937;-0.039928;0.026102;0.073325
938;-0.031224;0.026573;0.089937
939;-0.007912;0.005475;0.071818
940;0.023404;-0.024719;0.024609
941;0.070935;-0.059607;-0.044272
942;0.097516;-0.064166;-0.072786
943;0.088923;-0.041166;-0.073667
944;0.058391;-0.017041;-0.060131
945;0.015667;0.014033;-0.037473
946;-0.019002;0.030802;-0.010398
947;-0.059476;0.039799;0.026145
948;-0.069508;0.035441;0.043422
949;-0.060088;0.018720;0.049583
950;-0.049132;0.013699;0.062153
951;-0.042096;0.020985;0.087363
952;-0.023480;0.015348;0.080508
953;0.021167;-0.010675;0.030433
954;0.056127;-0.035444;-0.021174
955;0.099754;-0.056553;-0.073688
956;0.101895;-0.050391;-0.085757
957;0.074431;-0.033017;-0.082315
958;0.040825;-0.011171;-0.065646
959;-0.008757;0.018391;-0.019793
960;-0.051221;0.032168;0.011373
961;-0.082209;0.040892;0.048683
962;-0.089634;0.046873;0.078018
963;-0.083844;0.053669;0.115518
964;-0.060222;0.047357;0.119926
965;-0.028210;0.018808;0.091837
966;0.026042;-0.022933;0.030614
967;0.098666;-0.081033;-0.068639
968;0.137311;-0.104327;-0.126871
969;0.133753;-0.088324;-0.145809
970;0.086718;-0.044690;-0.112137
971;0.025132;0.018691;-0.047349
972;-0.022349;0.055299;0.002116
973;-0.088681;0.072502;0.053046
974;-0.116213;0.066403;0.077736
975;-0.095455;0.036877;0.081260
976;-0.054621;0.009995;0.067723
977;-0.001457;-0.024719;0.036837
978;0.031058;-0.037948;0.019970
979;0.053898;-0.032989;0.007075
980;0.069914;-0.021021;-0.003797
981;0.062597;0.004058;-0.006432
982;0.037262;0.023172;0.003357
983;0.006821;0.028421;0.008741
984;-0.012707;0.020144;0.008137
985;-0.029526;0.001655;0.008931
986;-0.033889;-0.012498;0.002354
987;-0.022267;-0.022758;-0.006301
988;-0.004368;-0.023573;-0.012752
989;0.013056;-0.011647;-0.010787
990;0.014647;0.001354;-0.000009
991;0.016166;0.017174;0.010565
992;0.019162;0.019959;0.014729
993;0.015123;0.015945;0.014422
994;0.004896;0.005686;0.012005
995;-0.008618;-0.009737;0.009525
996;-0.011198;-0.021260;0.003478
997;-0.001572;-0.021220;-0.002717
998;0.004285;-0.013692;-0.001670
999;0.011491;0.005372;0.005950
1000;0.013624;0.012836;0.010557
1001;0.011741;0.016808;0.008194
1002;0.006459;0.012428;0.005107
1003;0.000074;0.002617;0.006390
1004;-0.004173;-0.004168;0.005910
1005;-0.004311;-0.013305;0.002605
1006;0.000919;-0.015204;0.003255
1007;0.006835;-0.007337;0.002786
1008;0.009984;-0.001407;0.005846
1009;0.012119;0.008058;0.007053
1010;0.009474;0.010739;0.007211
1011;0.002383;0.009596;0.006347
1012;-0.003455;0.004270;0.005293
1013;-0.005813;-0.002646;0.005545
1014;-0.003028;-0.006019;0.007164
1015;0.003702;-0.005901;0.009457
1016;0.005202;0.000563;0.014195
1017;-0.002077;0.013353;0.031345
1018;-0.010350;0.022848;0.045672
1019;-0.016966;0.031050;0.057350
1020;-0.025441;0.030354;0.064025
1021;-0.018745;0.013857;0.046464
1022;-0.005216;-0.011541;0.013516
1023;0.027985;-0.048934;-0.048029
1024;0.064534;-0.074680;-0.100965
1025;0.097300;-0.086589;-0.149394
1026;0.084251;-0.063654;-0.137732
1027;0.044943;-0.013190;-0.077377
1028;0.009334;0.030384;-0.028791
1029;-0.043105;0.065182;0.032617
1030;-0.075001;0.069359;0.069219
1031;-0.086679;0.054507;0.099176
1032;-0.059903;0.024814;0.091304
1033;-0.017478;-0.009470;0.070967
1034;0.010626;-0.027122;0.053904
1035;0.037370;-0.036163;0.026936
1036;0.047867;-0.030387;0.014715
1037;0.052825;-0.007289;0.002154
1038;0.038626;0.013781;0.000908
1039;0.012374;0.029842;-0.000878
1040;-0.002878;0.028261;-0.007109
1041;-0.019986;0.012878;-0.008923
1042;-0.021305;-0.003641;-0.009735
1043;-0.015763;-0.022374;-0.017937
1044;-0.005482;-0.028208;-0.018975
1045;0.007720;-0.026170;-0.012381
1046;0.007570;-0.012931;-0.001700
1047;0.010251;0.007306;0.012101
1048;0.018861;0.020944;0.017496
1049;0.021198;0.027245;0.019620
1050;0.011557;0.021839;0.022927
1051;-0.005789;0.004574;0.018887
1052;-0.009832;-0.011812;0.007560
1053;-0.002839;-0.024729;-0.003522
1054;0.003561;-0.020891;-0.004993
1055;0.004820;-0.008812;0.002322
1056;0.005811;0.002730;0.007416
1057;0.012120;0.014229;0.007574
1058;0.013642;0.016729;0.006173
1059;0.006041;0.012236;0.007309
1060;-0.000769;0.006254;0.008254
1061;-0.003942;-0.002372;0.009731
1062;0.000522;-0.009398;0.008151
1063;0.000136;-0.015853;0.003949
1064;0.006157;-0.013289;0.002852
1065;0.011440;-0.001541;0.005653
1066;0.013699;0.005857;0.008442
1067;0.009838;0.011395;0.008832
1068;0.002638;0.010094;0.007466
1069;-0.004415;0.004134;0.007021
1070;-0.003176;-0.002053;0.004954
1071;0.001187;-0.008559;0.000676
1072;0.005671;-0.009163;0.002264
1073;-0.014014;-0.002390;-0.073106
1074;-0.006340;-0.000503;0.005746
1075;0.054689;0.026988;0.219858
1076;0.044726;0.048998;0.324461
1077;0.014048;0.007608;0.026898
1078;0.009543;-0.012789;-0.001447
1079;0.010711;-0.024986;0.006782
1080;-0.001041;-0.003705;0.002186
1081;0.005098;-0.005927;0.000497
1082;0.009336;-0.003803;0.002540
1083;0.008082;0.000760;0.007661
1084;0.004168;0.004571;0.008247
1085;-0.009476;0.006104;-0.006100
1086;0.022773;0.000885;0.086187